[ 1.45112723  1.37523308  2.79035777  0.39310779  0.70239475  0.64171169
  0.19749245  2.97827917]
[ 1.44305731  1.37866065  2.78953082  0.38859271  0.70614829  0.6404525
  0.19770089  2.9833492 ]
[ 1.43259417  1.38045598  2.77574638  0.39865337  0.72550446  0.64979949
  0.20953028  2.98301425]
[ 1.43063093  1.37739873  2.77351361  0.39220248  0.72673726  0.63818936
  0.21339733  2.98588888]
[ 1.45194084  1.38398286  2.77828481  0.3974188   0.68959024  0.63127815
  0.20428049  2.99246301]
[ 1.45163861  1.38299508  2.77826822  0.39782214  0.69115136  0.63980417
  0.20940633  2.99144231]
[ 1.45163861  1.38299508  2.77826822  0.39782214  0.69115136  0.63980417
  0.20940633  2.99144231]
[ 1.44824156  1.39248351  2.77510793  0.38118618  0.70947364  0.65444182
  0.21207179  2.99097119]
[ 1.45722683  1.39385903  2.78158814  0.38210611  0.70377054  0.65207935
  0.20902774  2.98536703]
[ 1.46488478  1.38898914  2.7863657   0.38973353  0.68548064  0.64002981
  0.208821    2.97536919]
[ 1.45625246  1.38358415  2.79327672  0.38562557  0.69815706  0.64086013
  0.20757543  2.97810753]
[ 1.45416145  1.3805327   2.7964764   0.38607202  0.69308561  0.65026816
  0.20467232  2.97872536]
[ 1.45762773  1.36605162  2.79484121  0.38794331  0.69423147  0.66398012
  0.20729753  2.97699976]
[ 1.47252088  1.37005189  2.79163213  0.38859827  0.67761188  0.66688597
  0.2027056   2.98368004]
[ 1.45171508  1.37156203  2.79784212  0.3804751   0.69826108  0.65542777
  0.19431678  2.98921073]
[ 1.46237731  1.36215133  2.79605818  0.38626591  0.68397444  0.66160777
  0.18844986  2.98972109]
[ 1.43403804  1.3563728   2.79593861  0.37379866  0.70834165  0.63818281
  0.14835423  3.01268919]
[ 1.45436257  1.36519382  2.80452877  0.37020438  0.68513129  0.65793743
  0.15561633  3.00256467]
[ 1.44905653  1.36113236  2.80529823  0.36963659  0.6940876   0.66554028
  0.16853732  2.99520924]
[ 1.45051681  1.36274941  2.80279831  0.36933255  0.69208256  0.65941763
  0.17730685  2.99386528]
[ 1.45051681  1.36274941  2.80279831  0.36933255  0.69208256  0.65941763
  0.17730685  2.99386528]
[ 1.45245207  1.35810937  2.79671703  0.37675554  0.68880569  0.67191529
  0.17987889  2.99266079]
[ 1.44515085  1.36062539  2.79201482  0.37683579  0.7096795   0.6565155
  0.18785482  2.99176873]
[ 1.44600853  1.35239459  2.80270289  0.38018625  0.70001226  0.66266213
  0.17993087  2.99473009]
[ 1.45599411  1.35863985  2.79885952  0.38385201  0.69229794  0.65640436
  0.18549138  2.99224758]
[ 1.44151687  1.35384638  2.80344685  0.3820292   0.72866628  0.66825721
  0.18620788  2.99345266]
[ 1.45952146  1.37664518  2.82574805  0.35300759  0.6904077   0.64947298
  0.16631164  3.01234843]
[ 1.47730722  1.37374191  2.82941372  0.3642911   0.68348325  0.64152339
  0.17918367  3.00562869]
[ 1.4758581   1.37531814  2.81105709  0.36852195  0.69497044  0.65863378
  0.19334192  3.00275375]
[ 1.48162706  1.37504826  2.79494678  0.37576463  0.683155    0.65079446
  0.20148502  3.00077689]
[ 1.47253278  1.37617997  2.78697899  0.37927254  0.70080343  0.6524676
  0.20518316  3.00153273]
[ 1.4603332   1.37172002  2.77682115  0.37276776  0.71689539  0.65539
  0.21426141  3.0063168 ]
[ 1.45808187  1.37075069  2.76913189  0.37842723  0.72455326  0.65840995
  0.21535717  3.00054792]
[ 1.45068451  1.37457213  2.77230899  0.37873     0.74107254  0.64976508
  0.21577778  2.99468331]
[ 1.45507448  1.38983719  2.77604612  0.36741086  0.74547234  0.64369949
  0.20739029  2.99541324]
[ 1.45507448  1.38983719  2.77604612  0.36741086  0.74547234  0.64369949
  0.20739029  2.99541324]
[ 1.45260358  1.40592495  2.7685296   0.36116304  0.74207881  0.61593296
  0.20800273  2.9938536 ]
[ 1.45331085  1.37096248  2.77448554  0.3714361   0.73557145  0.66097206
  0.20274976  2.98932641]
[ 1.44189267  1.37000383  2.76947793  0.37244046  0.74980361  0.66538911
  0.20689799  2.98895535]
[ 1.42728048  1.38502884  2.76961247  0.37611119  0.75968019  0.65532291
  0.20684919  2.98568419]
[ 1.43162803  1.37542032  2.75589303  0.40659192  0.76053528  0.64223082
  0.230738    2.95338274]
[ 1.41756612  1.36037776  2.75646368  0.40705926  0.75298119  0.64761146
  0.23790676  2.96752494]
[ 1.37319011  1.3569485   2.81446274  0.34894451  0.79526499  0.64181999
  0.21097111  2.98812703]
[ 1.39003317  1.29159241  2.79750046  0.42059858  0.76590564  0.6874772
  0.22354871  2.98528745]
[ 1.38451053  1.26058907  2.7918619   0.45443603  0.78123906  0.7038235
  0.22303821  2.98961901]
[ 1.37902216  1.23633952  2.82079377  0.44937143  0.78092303  0.69572972
  0.20492324  2.99983748]
[ 1.36940718  1.23490192  2.81466649  0.4561434   0.79251931  0.70013367
  0.20564225  2.9933892 ]
[ 1.36714692  1.2069636   2.79215427  0.48249167  0.78576725  0.71452525
  0.21979714  2.98725989]
[ 1.3605887   1.18102848  2.78201266  0.49188067  0.77591117  0.71026591
  0.23502692  2.96925475]
[ 1.34656306  1.16475292  2.76809722  0.5003567   0.7801673   0.71209628
  0.25445315  2.96705408]
[ 1.34656306  1.16475292  2.76809722  0.5003567   0.7801673   0.71209628
  0.25445315  2.96705408]
[ 1.30175773  1.18054296  2.77130338  0.48732702  0.79572133  0.71550315
  0.26022114  2.98911186]
[ 1.30074958  1.12086942  2.76692554  0.50935151  0.78409479  0.73068295
  0.27936065  2.9668036 ]
[ 1.28031095  1.15035565  2.77543053  0.52405563  0.77907777  0.6996524
  0.28294247  2.92151983]
[ 1.30163347  1.18362913  2.75958747  0.51988681  0.77255426  0.7140087
  0.27813574  2.95912561]
[ 1.2900838   1.19899378  2.75588934  0.56043225  0.78321361  0.72166787
  0.28039996  2.9968639 ]
[ 1.29213321  1.16752787  2.75494494  0.54222301  0.78080121  0.72506002
  0.27976058  2.99150103]
[ 1.28468519  1.16780359  2.74562903  0.54569865  0.79201261  0.70554645
  0.27131769  2.98924622]
[ 1.27931819  1.17139193  2.74682318  0.540323    0.78265173  0.70409682
  0.26719187  3.00356617]
[ 1.28977145  1.15835804  2.74700554  0.53416257  0.74018128  0.7054336
  0.26257338  2.99059811]
[ 1.2757648   1.11263325  2.74117192  0.51832324  0.74269467  0.69868027
  0.27180102  2.94615658]
[ 1.28551548  1.09735079  2.73687595  0.50069694  0.73079789  0.71099922
  0.27984042  2.93655591]
[ 1.24463505  1.0839722   2.73160588  0.48772241  0.77586077  0.72125422
  0.30017581  2.92158021]
[ 1.23881709  1.10371231  2.71809898  0.50963795  0.77219209  0.71669502
  0.31936026  2.93606658]
[ 1.24225196  1.15956297  2.69800251  0.52228918  0.75192154  0.74530919
  0.33366301  2.95889935]
[ 1.24225196  1.15956297  2.69800251  0.52228918  0.75192154  0.74530919
  0.33366301  2.95889935]
[ 1.21234832  1.15220188  2.69894339  0.53112368  0.77475072  0.73290392
  0.34756768  2.96042609]
[ 1.17915789  1.13332773  2.67177013  0.5566369   0.80510102  0.70742826
  0.34962442  2.95668845]
[ 1.17834421  1.14058022  2.65056987  0.57237774  0.78913096  0.69365457
  0.36719549  2.94001026]
[ 1.16005745  1.12820832  2.6433847   0.58189381  0.80734328  0.68244971
  0.35924871  2.9374051 ]
[ 1.15285303  1.09441826  2.63892011  0.59720414  0.80778105  0.68702398
  0.35975249  2.92546923]
[ 1.1371214   1.06275641  2.63657265  0.59823179  0.82668815  0.66281583
  0.34559166  2.8981794 ]
[ 1.1432647   1.08307808  2.62416438  0.59764434  0.84002798  0.6827348
  0.35678974  2.91965553]
[ 1.18646788  1.0802394   2.63329681  0.60671285  0.80367539  0.69527336
  0.34290107  2.90281469]
[ 1.1638581   1.0773275   2.62191004  0.61274751  0.80332206  0.69242704
  0.36393018  2.88506899]
[ 1.15334036  1.07591928  2.60960809  0.61490261  0.80817218  0.71162617
  0.37397138  2.89180315]
[ 1.14437274  1.07418209  2.63422505  0.58740038  0.80755029  0.70666503
  0.3662838   2.90701141]
[ 1.14591781  1.06174808  2.64926643  0.65646446  0.8000891   0.7141611
  0.38950141  2.85389666]
[ 1.14515464  1.04395141  2.64675259  0.64354713  0.80267225  0.7086245
  0.380984    2.83877143]
[ 1.14634933  1.04943448  2.64673285  0.62956715  0.80307307  0.72780321
  0.3828582   2.85489826]
[ 1.14245227  1.01913812  2.65873407  0.60892593  0.80664236  0.73000315
  0.37813779  2.84651368]
[ 1.14245227  1.01913812  2.65873407  0.60892593  0.80664236  0.73000315
  0.37813779  2.84651368]
[ 1.14373967  0.91982692  2.66382142  0.73338363  0.8021115   0.77000502
  0.37423519  2.84400838]
[ 1.08641552  0.92446416  2.61168556  0.73699165  0.8140744   0.77745709
  0.37018373  2.85300273]
[ 1.11007088  0.97668256  2.62951623  0.66599681  0.81662552  0.7998286
  0.37306746  2.84662081]
[ 1.11578045  0.9552314   2.61317144  0.6481074   0.81516225  0.76837477
  0.4364989   2.84035247]
[ 1.09911999  0.98071134  2.62454594  0.64172841  0.80412176  0.74974682
  0.42771604  2.84947333]
[ 1.06473485  0.97018894  2.6122724   0.64948211  0.81142191  0.75417682
  0.43916448  2.83984387]
[ 1.06433639  0.95947779  2.61182246  0.63984978  0.81542654  0.75263099
  0.43657343  2.81290574]
[ 1.04466984  0.96915958  2.59606738  0.63596311  0.80791439  0.75218879
  0.45300184  2.83100351]
[ 1.04314045  0.95812754  2.59726151  0.64082364  0.77141519  0.74118966
  0.48767922  2.79878033]
[ 1.048028    0.93415693  2.60549683  0.6206879   0.79118191  0.78121147
  0.46665743  2.77073795]
[ 1.00701928  0.94049367  2.56556181  0.61836408  0.82852848  0.78372212
  0.46351869  2.76942838]
[ 0.95114125  0.94229406  2.5703209   0.62790468  0.87323941  0.78625322
  0.47014566  2.76914981]
[ 0.93158323  0.91035552  2.57610484  0.6175785   0.90808578  0.81042772
  0.45827449  2.76786258]
[ 0.91783839  0.89756152  2.57154239  0.60301719  0.87723754  0.79610589
  0.49210272  2.72091821]
[ 0.91783839  0.89756152  2.57154239  0.60301719  0.87723754  0.79610589
  0.49210272  2.72091821]
[ 0.90245336  0.89385226  2.55769597  0.60295286  0.87143129  0.79185984
  0.50396909  2.71935997]
[ 0.89990607  0.90655887  2.54686537  0.60263327  0.87114367  0.80255048
  0.51126623  2.7434178 ]
[ 0.89620745  0.89946357  2.53521904  0.61477338  0.89341792  0.79824401
  0.48517312  2.75118489]
[ 0.89410277  0.9213589   2.50001767  0.64519419  0.90101612  0.81992786
  0.51727544  2.75731606]
[ 0.87698024  0.93067233  2.49256235  0.63922315  0.90139895  0.82983011
  0.54316308  2.73277634]
[ 0.87018739  0.90769799  2.48640537  0.62287379  0.89538691  0.82861082
  0.52839248  2.70840203]
[ 0.86106861  0.89084711  2.48239344  0.61042157  0.89090847  0.83544595
  0.51139606  2.71317643]
[ 0.84962259  0.87815674  2.476063    0.61656464  0.87685028  0.83547264
  0.54214306  2.68385621]
[ 0.86796065  0.86438808  2.43619345  0.66381885  0.87806579  0.86197019
  0.57164216  2.66695127]
[ 0.84648143  0.82603752  2.44628807  0.63683643  0.88518255  0.89246095
  0.58025346  2.61729696]
[ 0.8394864   0.79138979  2.45693779  0.64169362  0.90976511  0.89866306
  0.5880895   2.58330972]
[ 0.84008877  0.77247634  2.43875433  0.65050647  0.91563807  0.89956232
  0.58423254  2.55875526]
[ 0.84008877  0.77247634  2.43875433  0.65050647  0.91563807  0.89956232
  0.58423254  2.55875526]
[ 0.8263211   0.79177028  2.50317414  0.5589893   0.92907367  0.88565235
  0.55101059  2.52236709]
[ 0.8263211   0.79177028  2.50317414  0.5589893   0.92907367  0.88565235
  0.55139997  2.52170383]
[ 0.81999158  0.83358504  2.49341718  0.54077621  0.9350889   0.9151853
  0.54752886  2.53465399]
[ 0.82312538  0.81436547  2.50079637  0.52337443  0.9252963   0.86732621
  0.5509013   2.49260876]
[ 0.86745799  0.8078965   2.51592546  0.54991367  0.93458096  0.87827718
  0.51289432  2.51989245]
[ 0.86887866  0.81589045  2.50026064  0.58477284  0.9167507   0.88950497
  0.51910707  2.56122728]
[ 0.86021842  0.82147001  2.50203942  0.56490871  0.90084514  0.88194081
  0.52117822  2.59526912]
[ 0.85629706  0.80329559  2.50404336  0.58999312  0.89619259  0.86587729
  0.51001188  2.63005315]
[ 0.86389311  0.86549747  2.52592223  0.53758717  0.91090666  0.81283425
  0.48452218  2.54366601]
[ 0.87631484  0.89181855  2.52109044  0.52881832  0.90173212  0.79349079
  0.49293883  2.58567525]
[ 0.88437402  0.93664822  2.53995919  0.5263649   0.90085329  0.77429847
  0.49088962  2.61904405]
[ 0.88877212  0.96247011  2.55001354  0.5997919   0.89441981  0.77945206
  0.48304588  2.67619733]
[ 0.94254973  1.00947244  2.58229823  0.57725888  0.86412209  0.82967707
  0.47769682  2.71932833]
[ 0.9699956   1.01238566  2.60542534  0.6164876   0.83187594  0.7890507
  0.47883105  2.79488525]
[ 1.00210758  1.07521464  2.61682903  0.5958371   0.83156229  0.77151932
  0.46897576  2.79123584]
[ 1.00210758  1.07521464  2.61682903  0.5958371   0.83156229  0.77151932
  0.46897576  2.79123584]
[ 1.0337355   1.04652023  2.62240971  0.5677662   0.78574305  0.78661226
  0.49036777  2.79970892]
[ 1.06471207  1.02704967  2.63446936  0.56272174  0.79207803  0.7656358
  0.47260862  2.75394894]
[ 1.09235573  1.03147953  2.63532823  0.56825775  0.80496289  0.75405764
  0.46321302  2.75582646]
[ 1.09694811  1.03505472  2.63906798  0.57131341  0.82126888  0.74826943
  0.44734143  2.75084716]
[ 1.10683154  1.0385293   2.63888274  0.57462297  0.77887856  0.74855927
  0.47456661  2.7510028 ]
[ 1.13233618  1.05131484  2.6384257   0.57581387  0.77095665  0.74652496
  0.47800701  2.76238059]
[ 1.18437315  1.06278063  2.62914669  0.58239557  0.77043421  0.76330262
  0.44155819  2.76040051]
[ 1.16405968  1.07155988  2.62805586  0.58837664  0.77017926  0.76011315
  0.45159217  2.75705254]
[ 1.14687544  1.07607889  2.63406232  0.5904538   0.79455135  0.74852431
  0.42188943  2.7541572 ]
[ 1.17735627  1.06940841  2.60775111  0.57037219  0.78932271  0.77029127
  0.40312896  2.80389879]
[ 1.18650599  1.19289351  2.60654905  0.51117834  0.77848342  0.72791502
  0.40469774  2.85780435]
[ 1.19000159  1.24019521  2.62573497  0.51923078  0.81063169  0.7072537
  0.39153175  2.85273479]
[ 1.23484294  1.15579452  2.65688652  0.5513494   0.78432532  0.75228202
  0.39812658  2.81758679]
[ 1.24287774  1.14395359  2.65077967  0.5502779   0.78073882  0.77997148
  0.38188255  2.83465781]
[ 1.24627807  1.14500674  2.65263763  0.55459786  0.778037    0.7755823
  0.38255998  2.82108606]
[ 1.24627807  1.14500674  2.65263763  0.55459786  0.778037    0.7755823
  0.38255998  2.82108606]
[ 1.25866225  1.14929642  2.66584368  0.55329846  0.74702545  0.7072266
  0.35963003  2.7523356 ]
[ 1.26539636  1.166577    2.68942686  0.56960865  0.70603437  0.69243301
  0.37538408  2.71046871]
[ 1.29099156  1.19908819  2.67871862  0.52253363  0.71206884  0.66971408
  0.35716145  2.73470038]
[ 1.30962303  1.19711171  2.66081006  0.52093998  0.68818987  0.67679197
  0.36563283  2.7564462 ]
[ 1.31656815  1.19802958  2.66497652  0.52606128  0.7045427   0.68986988
  0.36666734  2.795663  ]
[ 1.3202262   1.27708494  2.67308421  0.50261306  0.68535916  0.66735301
  0.36453828  2.76807875]
[ 1.39970794  1.25871115  2.68713133  0.52064251  0.6564618   0.68593452
  0.35753978  2.77251678]
[ 1.38988518  1.28618448  2.68792813  0.56486856  0.66387859  0.65306765
  0.35561208  2.78156954]
[ 1.39579435  1.30913872  2.68939479  0.58082889  0.66745152  0.64365417
  0.34097645  2.8103408 ]
[ 1.40667367  1.325191    2.7122879   0.55607087  0.65009763  0.63376526
  0.31464756  2.83881452]
[ 1.41500088  1.34248855  2.71150924  0.54432847  0.65689355  0.63403443
  0.31171847  2.85083143]
[ 1.43811199  1.38667119  2.7095415   0.54069263  0.66833383  0.58846426
  0.316433    2.84918095]
[ 1.4476513   1.50678664  2.70588433  0.47224854  0.66884316  0.562301
  0.33056148  2.85439027]
[ 1.41993451  1.55291934  2.7113912   0.44457783  0.71981092  0.53525635
  0.33336802  2.83938795]
[ 1.41993451  1.55291934  2.7113912   0.44457783  0.71981092  0.53525635
  0.33336802  2.83938795]
[ 1.45929742  1.57010679  2.71543451  0.41775583  0.64362721  0.52368743
  0.33595084  2.8469341 ]
[ 1.48020573  1.5828485   2.71971022  0.40908729  0.64075111  0.52103411
  0.32138735  2.84573189]
[ 1.49823696  1.59090663  2.72386855  0.3979569   0.63904644  0.53109137
  0.31458842  2.84034441]
[ 1.50646476  1.62102933  2.70820124  0.4023768   0.60047126  0.49402114
  0.32259936  2.82807452]
[ 1.51977188  1.63240229  2.72344737  0.41001418  0.63568575  0.4773953
  0.30411547  2.8224844 ]
[ 1.537247    1.6447184   2.72684227  0.41146725  0.6346785   0.47135794
  0.30847764  2.81869713]
[ 1.56045841  1.62517613  2.7335042   0.41017607  0.63608508  0.50462502
  0.31063812  2.81104508]
[ 1.64569037  1.66781484  2.7382484   0.41006595  0.56744754  0.47189396
  0.32021253  2.79438521]
[ 1.5951809   1.70516087  2.74314704  0.40403167  0.63792689  0.44769024
  0.32282948  2.80175105]
[ 1.59125895  1.69896016  2.7349098   0.41626499  0.62836856  0.43417424
  0.33064751  2.79477693]
[ 1.60475628  1.71284009  2.75043654  0.41057096  0.65093076  0.41793135
  0.33216441  2.8007861 ]
[ 1.64459701  1.72478926  2.75545327  0.41009171  0.62501599  0.40885823
  0.33268513  2.80463008]
[ 1.65398269  1.6865127   2.75027721  0.4135913   0.62705431  0.45049139
  0.35271229  2.78778375]
[ 1.66010872  1.68343996  2.75594172  0.48739828  0.62593043  0.39113074
  0.36269145  2.64922323]
[ 1.64677135  1.72339016  2.7584314   0.39244585  0.64352194  0.44130638
  0.36364727  2.78456539]
[ 1.64677135  1.72339016  2.7584314   0.39244585  0.64352194  0.44130638
  0.36364727  2.78456539]
[ 1.64621992  1.68612243  2.75577037  0.39104068  0.64713523  0.48904727
  0.35576901  2.77293798]
[ 1.65709251  1.67990522  2.75818116  0.40230134  0.64942133  0.50172551
  0.36132183  2.75342463]
[ 1.6517803   1.65538148  2.75294076  0.41213293  0.65019684  0.52433384
  0.35673146  2.7451754 ]
[ 1.65432697  1.63564691  2.75971553  0.4175228   0.64213068  0.54481113
  0.34874443  2.74569348]
[ 1.62444386  1.63998881  2.74475506  0.43118406  0.67884769  0.51941184
  0.35076819  2.73449802]
[ 1.64085222  1.64487226  2.72775319  0.43473316  0.64619279  0.53469481
  0.35519262  2.74831897]
[ 1.67348494  1.66296673  2.74137763  0.43506926  0.60882957  0.52193152
  0.35118967  2.74624333]
[ 1.66395051  1.68682034  2.73417249  0.41806776  0.61188652  0.52176738
  0.34684061  2.76101178]
[ 1.66546052  1.68213091  2.72949377  0.41369947  0.61951501  0.52270993
  0.35697928  2.75616606]
[ 1.62805504  1.6936363   2.72432877  0.39922557  0.66042996  0.51741667
  0.36042851  2.76562831]
[ 1.64287043  1.74825024  2.73134484  0.37589357  0.64236036  0.46315126
  0.3559747   2.7814291 ]
[ 1.60862867  1.72309607  2.72422918  0.3755479   0.66925722  0.49421366
  0.3583844   2.7749355 ]
[ 1.69794505  1.72309607  2.7689303   0.3755479   0.60980798  0.49421366
  0.34962332  2.7749355 ]
[ 1.69794505  1.684267    2.7689303   0.38211626  0.60878788  0.51901084
  0.35641598  2.75994984]
[ 1.64967281  1.69088095  2.73897973  0.38582594  0.64920033  0.51017344
  0.36830235  2.75895352]
[ 1.67873787  1.72582865  2.73983241  0.42639732  0.62475059  0.43126856
  0.37117597  2.70753975]
[ 1.66656623  1.7413296   2.73215328  0.36854518  0.6252471   0.45775826
  0.37783548  2.7715031 ]
[ 1.65869443  1.71483401  2.72887483  0.37547986  0.64417132  0.48007953
  0.3867601   2.76521854]
[ 1.66014566  1.69424607  2.73328698  0.37188013  0.6245502   0.5061754
  0.38397108  2.76691623]
[ 1.64894582  1.70190878  2.7328349   0.35949949  0.62913957  0.4972747
  0.38665082  2.77608531]
[ 1.65904313  1.73533202  2.7417107   0.36447053  0.62215854  0.45186009
  0.38526452  2.77555186]
[ 1.65709417  1.69625189  2.74414627  0.3727294   0.61320819  0.49361315
  0.38088799  2.76948994]
[ 1.64271022  1.70808402  2.74510701  0.37114261  0.63311491  0.48165427
  0.37827821  2.77031785]
[ 1.64694261  1.69967784  2.75074886  0.39335295  0.62959477  0.5005297
  0.3638876   2.75145376]
[ 1.64667155  1.69751688  2.75065725  0.37199557  0.62762369  0.50589984
  0.35781043  2.77046575]
[ 1.65127729  1.70031291  2.75144149  0.41898535  0.62493174  0.45744825
  0.35512955  2.73360774]
[ 1.64420898  1.70785533  2.76366782  0.38851527  0.6210506   0.47827288
  0.34477614  2.76630038]
[ 1.63623992  1.70496317  2.77511014  0.36192538  0.63343022  0.50016893
  0.32692453  2.78296389]
[ 1.63623992  1.70496317  2.77511014  0.36192538  0.63343022  0.50016893
  0.32692453  2.78296389]
[ 1.60456941  1.70379389  2.75080635  0.35765895  0.65762494  0.49557576
  0.3272763   2.78430527]
[ 1.62443703  1.70305055  2.76625121  0.35833442  0.64438111  0.49655409
  0.32324402  2.78530599]
[ 1.60653897  1.70306078  2.75782039  0.35732963  0.67730087  0.49191059
  0.30820895  2.78965096]
[ 1.61985188  1.69668798  2.76968539  0.36399613  0.68091921  0.49642718
  0.30251253  2.79973189]
[ 1.62888661  1.69068982  2.77504136  0.36694344  0.67192518  0.4967762
  0.29852163  2.80592965]
[ 1.62885129  1.69781336  2.78177085  0.3635444   0.65833609  0.48723136
  0.29476592  2.80529447]
[ 1.6323869   1.70803222  2.79886492  0.32822449  0.65296237  0.51698179
  0.29338564  2.80520791]
[ 1.63982183  1.68579108  2.80850624  0.34706513  0.65791286  0.51535172
  0.29351071  2.80335487]
[ 1.61428462  1.73688995  2.79302392  0.33009144  0.67961807  0.49222412
  0.29243499  2.80383429]
[ 1.61581419  1.71169972  2.7912862   0.33590559  0.66520852  0.51435878
  0.28344531  2.80669634]
[ 1.62355631  1.67540905  2.79550159  0.32734122  0.64401994  0.54991784
  0.28338361  2.81070964]
[ 1.59807373  1.62952199  2.78147784  0.35996393  0.67687158  0.56046927
  0.28345663  2.83215666]
[ 1.59981553  1.66276367  2.782276    0.33479793  0.67214304  0.53618798
  0.28684632  2.83289574]
[ 1.60019029  1.66570558  2.78887485  0.3185996   0.66544532  0.53416782
  0.27591562  2.83262433]
[ 1.60019029  1.66570558  2.78887485  0.3185996   0.66544532  0.53416782
  0.27591562  2.83262433]
[ 1.56484622  1.65872307  2.78483036  0.30335021  0.66898722  0.54241344
  0.28183991  2.82523061]
[ 1.5821821   1.65413147  2.78636972  0.32540276  0.67002036  0.5403797
  0.27590552  2.81941417]
[ 1.58825444  1.65519059  2.79279979  0.32828523  0.67218082  0.5296798
  0.27053369  2.82265955]
[ 1.62508515  1.64618356  2.8103616   0.31990824  0.64248445  0.52694841
  0.2673496   2.83239675]
[ 1.62927869  1.63775497  2.82728945  0.31132167  0.63877919  0.52065135
  0.24919082  2.84553604]
[ 1.64051909  1.63284795  2.84645178  0.30054683  0.6377884   0.54317053
  0.24366154  2.85699346]
[ 1.65018439  1.64782193  2.84117161  0.29510566  0.66186698  0.53547415
  0.24587126  2.85363313]
[ 1.67619738  1.62385754  2.86117511  0.29237076  0.62278461  0.53948423
  0.24899478  2.85899635]
[ 1.71743104  1.60764569  2.87552842  0.28581464  0.58687123  0.53817022
  0.25012677  2.88356819]
[ 1.70008723  1.57312261  2.89923116  0.30959818  0.61969611  0.552103
  0.25524461  2.90126037]
[ 1.69690591  1.57008867  2.9172697   0.30590125  0.6327701   0.56804231
  0.26137276  2.90522037]
[ 1.71916816  1.56358489  2.91689715  0.30425583  0.60130628  0.55681233
  0.25851945  2.90976278]
[ 1.71689391  1.5792256   2.89415936  0.30897608  0.59322646  0.54074129
  0.25231386  2.90950585]
[ 1.71692873  1.58931382  2.87534607  0.3099845   0.58695865  0.53261532
  0.24447144  2.90835326]
[ 1.71692873  1.58931382  2.87534607  0.3099845   0.58695865  0.53261532
  0.24447144  2.90835326]
[ 1.68233916  1.64865006  2.82291178  0.33328715  0.60578753  0.49919161
  0.23139192  2.89170102]
[ 1.65699311  1.63941397  2.80593081  0.3180675   0.580356    0.50755652
  0.23388895  2.8914507 ]
[ 1.60725611  1.60791319  2.79563569  0.32552708  0.61091191  0.51944984
  0.24079935  2.8994435 ]
[ 1.59396175  1.59962136  2.78656283  0.33817934  0.61009527  0.50511698
  0.24704438  2.90367864]
[ 1.58489419  1.59094496  2.77771053  0.33054488  0.62555574  0.53227772
  0.26058191  2.90004141]
[ 1.61593332  1.58642179  2.77647263  0.34110397  0.58480181  0.51572149
  0.24868908  2.89891143]
[ 1.60444736  1.5950536   2.79770654  0.33185042  0.60162647  0.5185403
  0.23421517  2.89907751]
[ 1.60999444  1.60034073  2.80975484  0.325053    0.63816057  0.53724245
  0.22885484  2.89686303]
[ 1.6097639   1.58608281  2.83426738  0.31850404  0.6454057   0.55011562
  0.22552103  2.90056689]
[ 1.6407825   1.55475019  2.85547712  0.32099425  0.63806203  0.560229
  0.220893    2.92625344]
[ 1.6493416   1.56040386  2.86201351  0.32548761  0.63134764  0.53722252
  0.22690021  2.92218474]
[ 1.6526613   1.5397507   2.87336639  0.31484992  0.62899504  0.5625648
  0.21503541  2.93066032]
[ 1.64603401  1.55540349  2.8764876   0.30111622  0.61950133  0.55707177
  0.21971324  2.90969774]
[ 1.6560478   1.57715006  2.87863874  0.27841004  0.60661616  0.54934863
  0.22086369  2.88465986]
[ 1.64700937  1.53172006  2.86127823  0.30474341  0.59061548  0.55703494
  0.20953047  2.90862701]
[ 1.64700937  1.53172006  2.86127823  0.30474341  0.59061548  0.55703494
  0.20953047  2.90862701]
[ 1.63427854  1.53600682  2.8607504   0.28970511  0.6177273   0.56426739
  0.20060061  2.90198037]
[ 1.58283428  1.46326025  2.88605992  0.27651532  0.63995254  0.57271905
  0.18067368  2.9358752 ]
[ 1.57771328  1.43836187  2.87945745  0.29068229  0.6294125   0.57577385
  0.17232565  2.94703717]
[ 1.59457655  1.42221441  2.86314487  0.32162057  0.61020089  0.59964266
  0.18426859  2.97579039]
[ 1.60832539  1.45666291  2.85636157  0.3299938   0.60270417  0.54553119
  0.19118684  2.97281903]
[ 1.63194379  1.44149043  2.85134877  0.34278387  0.59421114  0.57369063
  0.19567283  2.98771929]
[ 1.60205781  1.42765183  2.84198715  0.359012    0.63835406  0.59033302
  0.20991298  2.99048093]
[ 1.61212367  1.41579974  2.83330651  0.38503425  0.61880455  0.5874002
  0.21643624  2.98939715]
[ 1.59649383  1.39907881  2.8281975   0.3922679   0.62286353  0.61237585
  0.2161672   2.98963396]
[ 1.57149593  1.39864608  2.81641765  0.3962221   0.63677296  0.60090396
  0.2227799   2.98297722]
[ 1.55845566  1.3987784   2.8053811   0.39032611  0.63910123  0.62692026
  0.22525788  2.98244208]
[ 1.54635182  1.38669991  2.80361177  0.39699968  0.6595781   0.61503707
  0.2252613   2.98082446]
[ 1.53957294  1.37465044  2.7910114   0.40382772  0.65022374  0.62022111
  0.23372441  2.9773349 ]
[ 1.53957294  1.37465044  2.7910114   0.40382772  0.65022374  0.62022111
  0.23372441  2.9773349 ]
[ 1.52978081  1.38355849  2.77470726  0.40859398  0.67949504  0.62779495
  0.26296476  2.9465112 ]
[ 1.55642186  1.35515795  2.76314205  0.42322857  0.66207248  0.65340203
  0.25909076  2.9603907 ]
[ 1.53823126  1.35031617  2.76093095  0.42728175  0.679207    0.66370128
  0.25445168  2.96248747]
[ 1.53990301  1.35375584  2.77159931  0.42610437  0.68187555  0.64972591
  0.24674018  2.95797058]
[ 1.51329243  1.35654058  2.74942256  0.42635122  0.70669349  0.63334843
  0.26633265  2.95933082]
[ 1.54761275  1.38056927  2.76865089  0.41896033  0.68084885  0.61317979
  0.26394053  2.95893135]
[ 1.51072312  1.40219718  2.75173815  0.41170641  0.70833204  0.61671585
  0.28158907  2.96321707]
[ 1.56857213  1.43405565  2.77997471  0.40328869  0.67496402  0.60566798
  0.28009481  2.96721746]
[ 1.60091616  1.46228242  2.79042081  0.3896653   0.6472448   0.58670427
  0.29166474  2.95819688]
[ 1.61054503  1.48468952  2.79594361  0.38004098  0.64661554  0.5709838
  0.29923755  2.937511  ]
[ 1.6129056   1.50154481  2.79322069  0.37469088  0.64909533  0.5772824
  0.30561896  2.92301062]
[ 1.63100513  1.53268693  2.78960726  0.37324593  0.61924277  0.55070969
  0.30288011  2.91478115]
[ 1.61934672  1.51793624  2.77956326  0.37839214  0.61978106  0.57548092
  0.30542482  2.90353279]
[ 1.61934672  1.51793624  2.77956326  0.37839214  0.61978106  0.57548092
  0.30542482  2.90353279]
[ 1.61682838  1.48797267  2.77404515  0.39575224  0.62695085  0.58283406
  0.30131851  2.90241322]
[ 1.57238112  1.47336243  2.76159217  0.4065381   0.65120863  0.5797723
  0.29478756  2.89621755]
[ 1.51191841  1.43090111  2.70750876  0.43298381  0.68728158  0.59138499
  0.30177207  2.90550743]
[ 1.47252974  1.37226734  2.70600735  0.47021636  0.7266212   0.61332098
  0.28904319  2.89483501]
[ 1.46937643  1.33910757  2.69702445  0.53157847  0.70521899  0.64136672
  0.29276747  2.8978315 ]
[ 1.44942041  1.29535451  2.69363338  0.57000693  0.73306237  0.64752266
  0.2893905   2.87861624]
[ 1.31370961  1.27647286  2.6691417   0.5809225   0.77044887  0.6858601
  0.31630706  2.90237246]
[ 1.2608219   1.25595126  2.66043452  0.58494006  0.79192238  0.68751487
  0.32921013  2.90455299]
[ 1.21616672  1.14487396  2.64838143  0.58914972  0.81308576  0.72463694
  0.34363714  2.87255775]
[ 1.13098583  1.11626938  2.60205923  0.57562427  0.85986863  0.76252688
  0.37076596  2.8532423 ]
[ 1.09175322  1.12509766  2.58465781  0.57768065  0.8724432   0.75967484
  0.40303534  2.82938905]
[ 1.0599264   1.17978987  2.56531813  0.55658189  0.89678646  0.71712633
  0.43996981  2.86331006]
[ 1.03797615  1.16667086  2.56075173  0.56678767  0.89896306  0.70456075
  0.46487887  2.83355294]
[ 1.02184337  1.1278443   2.56006231  0.58245391  0.92901183  0.70133559
  0.48920768  2.78120565]
[ 1.02355285  1.11552639  2.56795742  0.58909679  0.90875029  0.67947476
  0.50106867  2.77031909]
[ 1.02355285  1.11552639  2.56795742  0.58909679  0.90875029  0.67947476
  0.50106867  2.77031909]
[ 1.02142027  1.07973289  2.58043035  0.60923433  0.88725401  0.70263333
  0.51010159  2.77118871]
[ 1.03540631  0.99442459  2.60330743  0.62036996  0.86249244  0.69944935
  0.51234407  2.67537714]
[ 1.04528064  1.01637264  2.60328653  0.61684857  0.85694602  0.67267014
  0.49669562  2.67945917]
[ 1.06972856  1.00590557  2.56468695  0.61951733  0.85059698  0.68885327
  0.45229524  2.69993069]
[ 1.07825727  1.02630892  2.57953577  0.61840271  0.84882076  0.70797253
  0.45853058  2.72071164]
[ 1.08956995  1.02552489  2.56551967  0.60745869  0.84830939  0.74061313
  0.43330193  2.73547119]
[ 1.09909281  1.02701952  2.57507969  0.60696106  0.83130591  0.71003509
  0.44544814  2.68622585]
[ 1.10969456  1.06229637  2.6167849   0.55677061  0.85598223  0.82051197
  0.45042683  2.75141576]
[ 1.16364595  1.08758858  2.65643349  0.59073962  0.84497708  0.74361921
  0.42888537  2.75069537]
[ 1.1831128   1.10867091  2.67371415  0.60018383  0.81567082  0.74575968
  0.42394178  2.75510603]
[ 1.20424307  1.15067121  2.67811251  0.58827455  0.80182097  0.70219257
  0.4419233   2.73133765]
[ 1.22097505  1.14053632  2.68369266  0.59904396  0.79369423  0.6905244
  0.43879259  2.70873669]
[ 1.22578245  1.17759586  2.67675172  0.5748877   0.78472121  0.69839936
  0.44135302  2.71967023]
[ 1.21752288  1.17759586  2.67801094  0.5748877   0.78866061  0.69839936
  0.45387605  2.71967023]
[ 1.21052794  1.21026396  2.66597276  0.56478588  0.76440624  0.6677465
  0.48553237  2.69441705]
[ 1.21052794  1.21026396  2.66597276  0.56478588  0.76440624  0.6677465
  0.48553237  2.69441705]
[ 1.15939309  1.27886832  2.68608027  0.55935172  1.02272232  0.61628463
  0.32532668  2.7005128 ]
[ 1.21657179  1.2841747   2.67193805  0.55756297  0.8067997   0.63379941
  0.48698333  2.7205688 ]
[ 1.25749706  1.28979911  2.67004184  0.5571416   0.77769912  0.66155374
  0.49591316  2.73514182]
[ 1.26460868  1.29412116  2.65392156  0.55846386  0.78205855  0.66691034
  0.48170644  2.73948854]
[ 1.27350961  1.38148985  2.63965765  0.50323974  0.74971054  0.63348824
  0.47665322  2.73562366]
[ 1.27457323  1.37876616  2.6473123   0.51183042  0.74203327  0.62789498
  0.4856725   2.7292894 ]
[ 1.28326165  1.4245283   2.65117344  0.48386947  0.73818696  0.59729507
  0.48089667  2.7316815 ]
[ 1.29565533  1.44714456  2.64360691  0.46606376  0.72619627  0.60155618
  0.46782252  2.74875606]
[ 1.31137928  1.4383314   2.64406887  0.4868158   0.7122669   0.58593366
  0.46036472  2.74482054]
[ 1.31400508  1.45145086  2.63780112  0.47623308  0.68025767  0.57823008
  0.41967807  2.71891167]
[ 1.33259422  1.45177116  2.64253287  0.46950733  0.67532542  0.60511289
  0.42575407  2.73785154]
[ 1.34078031  1.45823957  2.65123365  0.46015328  0.66474858  0.59819623
  0.42330209  2.75019049]
[ 1.34078031  1.45823957  2.65123365  0.46015328  0.66474858  0.59819623
  0.42330209  2.75019049]
[ 1.30132928  1.43703493  2.61049042  0.46419506  0.68796682  0.61074151
  0.38117223  2.75720012]
[ 1.32667768  1.43741979  2.63429554  0.47113401  0.67163355  0.59469391
  0.36631629  2.7565781 ]
[ 1.34542282  1.42477473  2.6503712   0.472779    0.67678174  0.60580858
  0.32499557  2.76203776]
[ 1.36071049  1.37123449  2.64433068  0.49413356  0.64867313  0.66076784
  0.32948291  2.7953529 ]
[ 1.36421772  1.31477346  2.63767669  0.53096017  0.65465335  0.68123046
  0.34546338  2.80537897]
[ 1.34674156  1.29424402  2.65836304  0.54106666  0.68215369  0.69368636
  0.33992406  2.81092133]
[ 1.35456894  1.28930003  2.63624813  0.53962945  0.6443156   0.70155753
  0.40825335  2.81092686]
[ 1.32808483  1.30051641  2.64146281  0.52072731  0.64919923  0.68495764
  0.39638639  2.81737444]
[ 1.32135079  1.28885213  2.65915798  0.51569273  0.67353451  0.69207209
  0.39002953  2.82672352]
[ 1.29074834  1.27953992  2.65682393  0.51933951  0.69120577  0.69239639
  0.38994028  2.81974734]
[ 1.28299947  1.25421984  2.65369218  0.50117039  0.69297228  0.71063101
  0.38365634  2.82464745]
[ 1.28037914  1.26895234  2.65957772  0.50522949  0.70550701  0.70396176
  0.3703567   2.8179677 ]
[ 1.30286572  1.27288798  2.66410805  0.50700958  0.6940714   0.69563313
  0.35451531  2.82287124]
[ 1.31975556  1.2529897   2.66778872  0.51300266  0.67311466  0.72172646
  0.34506628  2.82384487]
[ 1.32824221  1.25127935  2.6734172   0.52034989  0.70324315  0.7249955
  0.34841844  2.80357073]
[ 1.32824221  1.25127935  2.6734172   0.52034989  0.70419338  0.72612918
  0.34662129  2.80481763]
[ 1.31949483  1.24875059  2.66826273  0.52722506  0.70099999  0.73282284
  0.35510125  2.79357291]
[ 1.31015315  1.26746884  2.66794003  0.52497401  0.70608476  0.72201454
  0.38374999  2.79285538]
[ 1.30792343  1.26556838  2.65792887  0.52375689  0.70951056  0.72870194
  0.39420713  2.80678764]
[ 1.29347215  1.30878452  2.65705954  0.51350615  0.72511677  0.71541213
  0.3879904   2.82113775]
[ 1.29766336  1.34046484  2.65287197  0.50740131  0.73195042  0.68827539
  0.3987078   2.8201727 ]
[ 1.29297412  1.34955006  2.65014245  0.5075794   0.72995295  0.68157462
  0.39956621  2.81782998]
[ 1.28966717  1.33338046  2.64866155  0.51372819  0.71768496  0.69050927
  0.4008307   2.82081463]
[ 1.29548653  1.33041402  2.65037035  0.51578105  0.71704945  0.70135489
  0.39974562  2.82992625]
[ 1.31541932  1.32747399  2.66161552  0.51757257  0.71488861  0.70813716
  0.37964196  2.84157766]
[ 1.30809116  1.3502217   2.66943778  0.52437238  0.69948352  0.69603927
  0.36869138  2.8433415 ]
[ 1.30363605  1.33353613  2.68049413  0.52706707  0.72200579  0.68574045
  0.34521832  2.8415773 ]
[ 1.30820707  1.35359274  2.67718655  0.52710933  0.70697627  0.67722893
  0.36120101  2.83027085]
[ 1.30538206  1.36745438  2.67626691  0.52607605  0.70857928  0.67885397
  0.36128372  2.83651044]
[ 1.30538206  1.36745438  2.67626691  0.52607605  0.70857928  0.67885397
  0.36128372  2.83651044]
[ 1.29275078  1.36752198  2.68324789  0.53315955  0.74663396  0.66623406
  0.34423322  2.82961032]
[ 1.30065706  1.35649474  2.6925535   0.53759626  0.75947378  0.67018801
  0.32485219  2.83474141]
[ 1.31427843  1.35604355  2.70064348  0.53779516  0.76583592  0.67831632
  0.31775069  2.84549756]
[ 1.33857565  1.3346118   2.71026557  0.53751727  0.73717989  0.66327497
  0.29690553  2.8452672 ]
[ 1.34441983  1.2893214   2.72744044  0.55224311  0.77910674  0.70436789
  0.26996706  2.86282752]
[ 1.37359862  1.29716661  2.73111981  0.54522141  0.69915146  0.6942187
  0.24821966  2.86585873]
[ 1.34194951  1.28371809  2.73956991  0.55277766  0.76733012  0.70315792
  0.2425699   2.86552072]
[ 1.34003478  1.29760696  2.74311056  0.54862793  0.77592733  0.69228562
  0.24181935  2.86057707]
[ 1.34114462  1.30077427  2.73877012  0.54944689  0.77740841  0.70464521
  0.24777278  2.86858306]
[ 1.33299848  1.30417719  2.72731339  0.54951227  0.75957968  0.69071736
  0.28530831  2.85552747]
[ 1.34727784  1.30582185  2.7292587   0.54279075  0.72259489  0.69230677
  0.28412692  2.85625399]
[ 1.3574092   1.30994526  2.73315226  0.54189494  0.73832499  0.6877494
  0.28943591  2.84806615]
[ 1.32355186  1.31689789  2.7303831   0.52231968  0.80944392  0.68596577
  0.2820063   2.85241453]
[ 1.31708196  1.32178517  2.73184712  0.52314493  0.81799243  0.6842747
  0.2808425   2.86802721]
[ 1.3113451   1.32683447  2.7352937   0.51929108  0.83323663  0.67510307
  0.28060555  2.88011124]
[ 1.3113451   1.32683447  2.7352937   0.51929108  0.83323663  0.67510307
  0.28060555  2.88011124]
[ 1.31079267  1.33970941  2.74055045  0.50419071  0.83193383  0.66889998
  0.27907257  2.89958849]
[ 1.34522955  1.31615595  2.74862112  0.50650273  0.77058974  0.67739221
  0.27372526  2.88862954]
[ 1.32981775  1.30883195  2.75298574  0.50477104  0.76951572  0.69187496
  0.27160129  2.89191858]
[ 1.32428266  1.30036712  2.75262066  0.50393391  0.75413641  0.69085889
  0.27258419  2.88889219]
[ 1.31913418  1.2997427   2.75306994  0.50116464  0.77623344  0.69561519
  0.2723549   2.89066452]
[ 1.32095772  1.28410293  2.7513455   0.50188954  0.77158371  0.68380715
  0.27967285  2.87890533]
[ 1.32513736  1.28839255  2.75434643  0.49637119  0.76163858  0.70294256
  0.29235316  2.88203945]
[ 1.3328333   1.29082382  2.76144612  0.49000456  0.74845456  0.68314583
  0.29956806  2.88554212]
[ 1.33572407  1.28792878  2.76976903  0.48711201  0.73682438  0.68761481
  0.29777811  2.88378478]
[ 1.32938686  1.28638002  2.77933164  0.4824638   0.76379135  0.69217265
  0.27923992  2.8845901 ]
[ 1.33524903  1.29020088  2.79400555  0.48387936  0.77844571  0.70033893
  0.28978759  2.87244873]
[ 1.30760438  1.31350737  2.82740594  0.50880867  0.78949836  0.67672269
  0.29520259  2.80861104]
[ 1.33860299  1.31354101  2.82070496  0.50869716  0.78130608  0.67672269
  0.29141397  2.80861104]
[ 1.34589653  1.29778473  2.81062575  0.50538105  0.74824964  0.69286308
  0.28004535  2.82474689]
[ 1.34589653  1.29207463  2.81062575  0.4983081   0.75351794  0.70445882
  0.27418794  2.83896772]
[ 1.33195486  1.29070621  2.80946813  0.49304821  0.77895997  0.70696329
  0.27949111  2.83785854]
[ 1.37466815  1.29269815  2.8049033   0.48555522  0.75515993  0.69419054
  0.28771744  2.83198469]
[ 1.36890844  1.30603119  2.79410311  0.477154    0.7740253   0.68899764
  0.30308913  2.8350192 ]
[ 1.35283733  1.33823805  2.78605623  0.44546197  0.78978986  0.65348368
  0.31157947  2.82587536]
[ 1.36405536  1.33549109  2.77469968  0.45061316  0.7609407   0.65574651
  0.31160682  2.8314828 ]
[ 1.35784548  1.31939144  2.76178509  0.43012487  0.761061    0.66980716
  0.3375922   2.82666901]
[ 1.32498638  1.31114761  2.75376708  0.45579113  0.79224689  0.67601652
  0.35451214  2.8258905 ]
[ 1.31414194  1.30408473  2.75194676  0.47143349  0.79580073  0.69058583
  0.35100394  2.82504661]
[ 1.29891495  1.28371265  2.74743349  0.48354121  0.80833447  0.70706213
  0.35218846  2.81807674]
[ 1.30416411  1.2924513   2.73574924  0.49519974  0.79612666  0.69214022
  0.35948242  2.82362408]
[ 1.31993997  1.29056214  2.7329671   0.50553138  0.77018193  0.68312625
  0.35492032  2.82640213]
[ 1.33822771  1.28173605  2.72180203  0.52818167  0.76450776  0.67161897
  0.34880732  2.84756639]
[ 1.33822771  1.28173605  2.72180203  0.52818167  0.76450776  0.67161897
  0.34880732  2.84756639]
[ 1.38828877  1.32259906  2.71016459  0.4946161   0.72402325  0.667259
  0.33243044  2.8595278 ]
[ 1.38031927  1.3543953   2.70051085  0.47973886  0.7554259   0.65330287
  0.33696135  2.85876305]
[ 1.37116623  1.35199179  2.6865045   0.48161293  0.77470329  0.65310033
  0.31270157  2.84252371]
[ 1.37324052  1.35079436  2.66495227  0.48010104  0.78178873  0.64444885
  0.31582458  2.8378541 ]
[ 1.30197139  1.3550845   2.63634955  0.48347613  0.79880085  0.62349883
  0.35378047  2.83180723]
[ 1.31791499  1.35300502  2.62410243  0.49264421  0.76071132  0.64816735
  0.39483217  2.83510111]
[ 1.33845366  1.33959453  2.61417502  0.50493048  0.78038029  0.65515754
  0.43614894  2.83512139]
[ 1.36122376  1.32130032  2.6173611   0.52749375  0.74964447  0.66969081
  0.42918375  2.81575836]
[ 1.33784565  1.32051304  2.61460599  0.53109141  0.79760661  0.67257064
  0.41535598  2.81443445]
[ 1.34939659  1.30900791  2.61615818  0.5342139   0.79931409  0.65219329
  0.42083758  2.7996626 ]
[ 1.37006978  1.31083933  2.62915284  0.53907009  0.75278963  0.64882326
  0.40813515  2.80187985]
[ 1.35581241  1.31315681  2.6269077   0.54769127  0.81505276  0.64961928
  0.3790749   2.79585494]
[ 1.37939687  1.31263867  2.62245427  0.55187781  0.77874731  0.65266088
  0.3933312   2.78684358]
[ 1.39614386  1.32000797  2.62266347  0.55459843  0.77759803  0.64885232
  0.38273505  2.78744914]
[ 1.39326694  1.31940373  2.62092983  0.5605191   0.76643192  0.64891735
  0.37929879  2.77754067]
[ 1.39326694  1.31940373  2.62092983  0.5605191   0.76643192  0.64891735
  0.37929879  2.77754067]
[ 1.3788793   1.32892444  2.62064951  0.56101277  0.77354158  0.63991742
  0.37734041  2.77252306]
[ 1.37858527  1.32887151  2.62357397  0.56015922  0.78278153  0.63554312
  0.37372112  2.77001898]
[ 1.35491312  1.34697708  2.63874588  0.59278648  0.81896651  0.64665862
  0.32436405  2.78344769]
[ 1.35230353  1.33612956  2.63728577  0.60345497  0.81783615  0.6453284
  0.32327809  2.77426013]
[ 1.35501519  1.34516418  2.63189373  0.58864218  0.77828663  0.62007347
  0.37913625  2.7642266 ]
[ 1.35522384  1.30882871  2.61842533  0.59412622  0.76334867  0.6583145
  0.38881483  2.76211639]
[ 1.35485774  1.30437359  2.60884627  0.59628657  0.77929165  0.66341842
  0.39040543  2.7613074 ]
[ 1.32686554  1.29400337  2.60654097  0.61046566  0.77268802  0.66143512
  0.38946085  2.76302679]
[ 1.32173176  1.28179116  2.59709249  0.6039297   0.77426837  0.66573585
  0.39488724  2.77374537]
[ 1.27453509  1.27283986  2.59433965  0.59531493  0.80928461  0.67304816
  0.39854914  2.78935419]
[ 1.23686615  1.24082446  2.58341098  0.59311281  0.8493184   0.68829647
  0.41659829  2.79142347]
[ 1.21699059  1.25573345  2.56960914  0.60504491  0.84000744  0.70598127
  0.43326543  2.76910758]
[ 1.23882534  1.21896004  2.5315454   0.61070584  0.83392522  0.73480486
  0.4397832   2.76236782]
[ 1.20825542  1.1987851   2.48785531  0.61401248  0.86860865  0.76616682
  0.44075777  2.75916714]
[ 1.1844943   1.18133269  2.48513699  0.60407405  0.88483057  0.76491517
  0.44966024  2.73049049]
[ 1.1844943   1.18133269  2.48513699  0.60407405  0.88483057  0.76491517
  0.44966024  2.73049049]
[ 1.1169387   1.11313955  2.52333804  0.63339921  0.93102342  0.76142698
  0.48782846  2.75233005]
[ 1.07152427  1.10188932  2.53075706  0.63210797  0.95138088  0.799023
  0.52166309  2.78186735]
[ 1.02734843  1.07866883  2.57826128  0.61637663  1.01071269  0.78052019
  0.59298152  2.77755754]
[ 0.95802468  1.04819353  2.6084573   0.59495557  1.05926023  0.79385847
  0.6451849   2.77586085]
[ 0.83398276  1.0538996   2.6077549   0.5905918   1.08857041  0.7711578
  0.68870179  2.77584732]
[ 0.74592067  1.00559764  2.57472767  0.65985305  1.09869264  0.77322913
  0.70493416  2.79879796]
[ 0.72647018  0.99152457  2.59171493  0.65994476  1.07332943  0.76165374
  0.71116129  2.7716203 ]
[ 0.7276673   0.86733512  2.58583641  0.66575114  1.05879696  0.77393617
  0.69352002  2.7319678 ]
[ 0.73008196  0.88506255  2.56296636  0.59047239  1.08785458  0.78085888
  0.67911345  2.72098058]
[ 0.73374918  0.86039253  2.54969074  0.56174584  1.07183107  0.79573533
  0.64739815  2.69871704]
[ 0.73691753  0.84408822  2.53991799  0.55347422  1.04172404  0.82121697
  0.64327617  2.69230962]
[ 0.75391861  0.82197631  2.49868855  0.55483579  1.03852203  0.83576915
  0.59751202  2.68762512]
[ 0.79489766  0.81779431  2.52288862  0.55716364  1.0210646   0.84584669
  0.5759732   2.68546113]
[ 0.80961328  0.82178826  2.52816612  0.57044424  0.98271042  0.85834228
  0.58007872  2.69292464]
[ 0.80961328  0.82178826  2.52816612  0.57044424  0.98271042  0.85834228
  0.58007872  2.69292464]
[ 0.94438034  0.90073611  2.50432203  0.65251772  0.90664653  0.79432065
  0.52029669  2.75513317]
[ 0.95822424  0.92285032  2.50718495  0.65007809  0.91427661  0.78281926
  0.49675939  2.7721082 ]
[ 1.00283955  0.92317556  2.51101361  0.65442895  0.90914468  0.77185417
  0.48452525  2.76191243]
[ 1.01641407  0.93642228  2.50236966  0.64712255  0.87503729  0.76747255
  0.48297755  2.77194018]
[ 1.05163279  0.99155023  2.47864455  0.62778529  0.86881242  0.74256825
  0.4581029   2.7653264 ]
[ 1.10359164  1.01589336  2.48589552  0.6230398   0.83208534  0.73467103
  0.45337744  2.75414153]
[ 1.08700092  1.12929944  2.49846863  0.57662967  0.85147601  0.68342419
  0.4501663   2.77232788]
[ 1.10087535  1.17450583  2.49907831  0.54522984  0.86205479  0.68234758
  0.45233439  2.79086   ]
[ 1.1393418   1.17823597  2.49084181  0.52926939  0.87179983  0.68576178
  0.4398992   2.77999974]
[ 1.15096219  1.1893182   2.48842889  0.52648417  0.87106577  0.69589704
  0.45390429  2.78187154]
[ 1.17338797  1.27540252  2.49833098  0.50853648  0.8514375   0.70324285
  0.46628419  2.78359652]
[ 1.15909609  1.24979662  2.49167322  0.51604823  0.90459798  0.71807183
  0.47261413  2.79291504]
[ 1.19014857  1.24220118  2.48103957  0.52306211  0.97911424  0.7196474
  0.36940387  2.81017914]
[ 1.17163011  1.25429964  2.45287749  0.53169607  0.9458449   0.72163467
  0.4761286   2.80040482]
[ 1.17163011  1.25429964  2.45287749  0.53169607  0.9458449   0.72163467
  0.4761286   2.80040482]
[ 1.17731547  1.26284663  2.46461686  0.5511052   0.91726264  0.71798679
  0.50118638  2.79471503]
[ 1.26693536  1.24217963  2.47143567  0.56531579  0.85762687  0.76060321
  0.49707144  2.78871367]
[ 1.28776506  1.24854133  2.49638798  0.57589474  0.84285556  0.76545145
  0.50846862  2.7696137 ]
[ 1.27680467  1.23273101  2.49958095  0.59474575  0.86182855  0.798078
  0.50967083  2.76865599]
[ 1.26171961  1.25104206  2.51653501  0.5982332   0.84224651  0.80370863
  0.50183812  2.76064075]
[ 1.24716559  1.29791293  2.51725035  0.5801366   0.8759679   0.78245288
  0.5065688   2.75189136]
[ 1.29244371  1.30909238  2.51766088  0.58434806  0.88623272  0.78072019
  0.48229349  2.74853616]
[ 1.3043503   1.33108387  2.52766013  0.5784927   0.85861601  0.76611445
  0.46412118  2.75546391]
[ 1.38235634  1.40597003  2.53994813  0.51537686  0.79046713  0.75231996
  0.44442784  2.76555329]
[ 1.4139314   1.44768874  2.54493174  0.4959754   0.7679535   0.70932274
  0.45592027  2.78610797]
[ 1.39132063  1.47086601  2.53309302  0.49218896  0.79384392  0.67185448
  0.45467154  2.78901607]
[ 1.41444708  1.46587008  2.53878539  0.50551694  0.79253151  0.67129903
  0.43702879  2.79880369]
[ 1.43106343  1.48636792  2.55473852  0.50311131  0.76783916  0.67464754
  0.43865277  2.79833414]
[ 1.43106343  1.48636792  2.55473852  0.50311131  0.76783916  0.67464754
  0.43865277  2.79833414]
[ 1.47299448  1.49793617  2.56912909  0.4958169   0.7016149   0.66023414
  0.45488932  2.79259439]
[ 1.45032535  1.50154261  2.57772189  0.47952749  0.77385978  0.65142903
  0.45353967  2.78261428]
[ 1.39277764  1.54159056  2.52193485  0.48057805  0.88536132  0.59714976
  0.451749    2.74032126]
[ 1.39616513  1.5503785   2.54397151  0.46978945  0.86172992  0.6055419
  0.44468235  2.75356226]
[ 1.40281626  1.55824123  2.60688076  0.45893863  0.82386593  0.6085721
  0.45453995  2.76448852]
[ 1.41858745  1.5514567   2.61236186  0.45402504  0.76575358  0.60677459
  0.46283918  2.77708876]
[ 1.41848827  1.54583487  2.61366147  0.47229406  0.75700185  0.60769671
  0.45074958  2.76258945]
[ 1.41397863  1.50506314  2.60034362  0.48883158  0.77507564  0.66475893
  0.44621053  2.76493173]
[ 1.39327869  1.47157336  2.60700808  0.50508432  0.78149346  0.67505962
  0.45811625  2.75035642]
[ 1.38066685  1.44740175  2.60590931  0.53191243  0.79787728  0.68162822
  0.4717049   2.74037976]
[ 1.36123578  1.4343607   2.60429024  0.53897958  0.80396325  0.70176128
  0.47746758  2.7495205 ]
[ 1.3592598   1.43768699  2.61772223  0.55146241  0.78167683  0.69915111
  0.46306791  2.73754524]
[ 1.33389617  1.4424816   2.61664276  0.55854699  0.81086045  0.69980248
  0.46292056  2.73793563]
[ 1.35346493  1.4678268   2.59849968  0.52001603  0.7890845   0.69529276
  0.44435467  2.73482077]
[ 1.35346493  1.4678268   2.59849968  0.52001603  0.7890845   0.69529276
  0.44435467  2.73482077]
[ 1.34535697  1.44246246  2.60301157  0.53097552  0.76976416  0.70052617
  0.41455337  2.74543943]
[ 1.36379214  1.449768    2.62220019  0.53078933  0.75940526  0.68810386
  0.39870531  2.74635161]
[ 1.38816272  1.45568721  2.65511785  0.51105714  0.72406805  0.6817553
  0.38766306  2.75255189]
[ 1.36757413  1.4530907   2.65243958  0.51182744  0.77122858  0.7045861
  0.38633693  2.78365566]
[ 1.37062702  1.46504556  2.64639784  0.51113425  0.75959333  0.67488013
  0.39268826  2.78396934]
[ 1.32622836  1.4444629   2.63537756  0.52316679  0.83244645  0.70380251
  0.42380905  2.78158118]
[ 1.28185143  1.45350131  2.56591128  0.51541925  0.9580446   0.70143146
  0.42664387  2.78314091]
[ 1.26088998  1.43614404  2.54698496  0.52271729  0.98356629  0.69345885
  0.45447015  2.78534933]
[ 1.15837455  1.43715373  2.46523847  0.52907698  1.09861214  0.72678034
  0.49213636  2.78666377]
[ 1.22357162  1.40730833  2.47755845  0.50686396  1.02662112  0.69605568
  0.60541726  2.75126343]
[ 1.25794929  1.42271837  2.50490188  0.51084152  0.96800209  0.67990978
  0.68336227  2.7209548 ]
[ 1.29146384  1.42924497  2.51282178  0.51788837  0.90580562  0.67372346
  0.71865359  2.71057062]
[ 1.31884273  1.42215608  2.50951577  0.51170989  0.88739043  0.68126095
  0.72406813  2.7180743 ]
[ 1.32169628  1.44598012  2.52517745  0.51282433  0.88678897  0.69855674
  0.64659275  2.74757349]
[ 1.32169628  1.44598012  2.52517745  0.51282433  0.88678897  0.69855674
  0.64659275  2.74757349]
[ 1.35062811  1.44673758  2.55475128  0.51396309  0.81688238  0.69157079
  0.60045774  2.75475859]
[ 1.32767576  1.45782919  2.54417651  0.52315356  0.85398672  0.68141774
  0.53937556  2.7462768 ]
[ 1.36631897  1.46420574  2.58098511  0.52952373  0.81940503  0.66840066
  0.48833298  2.7512652 ]
[ 1.35362488  1.46777631  2.56167258  0.52766349  0.85432466  0.67391277
  0.49536929  2.74902382]
[ 1.37992134  1.48461234  2.57381931  0.51745883  0.80205658  0.65468524
  0.49826315  2.74967644]
[ 1.39089014  1.48583045  2.58235918  0.51782859  0.80500522  0.66037368
  0.48288024  2.74970185]
[ 1.39748798  1.48882585  2.58516347  0.5115698   0.80498068  0.64582349
  0.49265384  2.73740801]
[ 1.38569691  1.48932473  2.60333126  0.49633129  0.78369569  0.65676669
  0.49387389  2.74246474]
[ 1.38248634  1.48118535  2.60644778  0.4940422   0.79832013  0.65834862
  0.47916156  2.75599193]
[ 1.37777716  1.49408698  2.61826004  0.49724239  0.81044239  0.65238436
  0.4583745   2.75706252]
[ 1.37808568  1.49288083  2.61556746  0.49386795  0.80659489  0.65845673
  0.46931855  2.75727433]
[ 1.40090421  1.49507846  2.65424786  0.49107972  0.78326795  0.66196513
  0.52582149  2.7537932 ]
[ 1.4059595   1.48988253  2.6599203   0.49254191  0.77386446  0.66786574
  0.54425463  2.74959273]
[ 1.4059595   1.48988253  2.6599203   0.49254191  0.77386446  0.66786574
  0.54425463  2.74959273]
[ 1.40308578  1.48650988  2.64079844  0.49205664  0.79396085  0.67190147
  0.50177942  2.74627053]
[ 1.38767378  1.47047845  2.64145109  0.49105894  0.79608747  0.68378891
  0.46473236  2.75069099]
[ 1.41899394  1.46316874  2.64535027  0.48856274  0.76779307  0.68966766
  0.4420756   2.75292515]
[ 1.40885909  1.4348675   2.64110701  0.49590544  0.77468893  0.70371902
  0.43706693  2.75800816]
[ 1.40867281  1.44693176  2.63836852  0.51989966  0.77597095  0.65555657
  0.43026534  2.7037268 ]
[ 1.41624574  1.42919478  2.64243045  0.5093353   0.76907302  0.68529656
  0.41233339  2.75767167]
[ 1.40503894  1.39291764  2.64594518  0.52256212  0.75528814  0.71983865
  0.38861606  2.77761815]
[ 1.41332792  1.39238984  2.64941298  0.51785003  0.74957115  0.70809727
  0.39634832  2.77501278]
[ 1.42723319  1.36534459  2.64689431  0.52610106  0.75505596  0.71049175
  0.41156784  2.76939171]
[ 1.40852717  1.37233851  2.63884284  0.52355848  0.75121538  0.69844815
  0.41090588  2.76545831]
[ 1.3508854   1.37654603  2.63551929  0.52379424  0.80484301  0.70593087
  0.41689594  2.74890205]
[ 1.31340291  1.37069806  2.63003488  0.5247608   0.83634424  0.70762223
  0.45242707  2.73361384]
[ 1.29053408  1.40343778  2.61597181  0.49479063  0.85126351  0.68830808
  0.48131087  2.70398969]
[ 1.2848676   1.3230848   2.61918896  0.52978595  0.86319867  0.72386019
  0.49564154  2.70135519]
[ 1.2848676   1.3230848   2.61918896  0.52978595  0.86319867  0.72386019
  0.49564154  2.70135519]
[ 1.28913634  1.33319786  2.59297888  0.49056808  0.87352887  0.74378642
  0.47596207  2.77956618]
[ 1.26230331  1.34523327  2.52118959  0.49424465  0.95527761  0.7300451
  0.44859704  2.75668322]
[ 1.25195611  1.34640754  2.50861404  0.49701906  0.96773313  0.72442705
  0.45022501  2.74345926]
[ 1.26892279  1.35388004  2.4948895   0.50477428  0.94078854  0.7137639
  0.43364051  2.74050868]
[ 1.28940383  1.35620184  2.52674949  0.517687    0.89242782  0.70011885
  0.4291064   2.73073645]
[ 1.28648952  1.35059786  2.51815994  0.52374437  0.92441504  0.70337079
  0.42643134  2.72791903]
[ 1.29297129  1.35762715  2.51339583  0.51179089  0.93313579  0.69675369
  0.44174541  2.73192732]
[ 1.21901276  1.34682404  2.15002497  0.49986536  1.13540078  0.69856566
  0.43788689  2.71436788]
[ 1.21885435  1.34953317  2.14148152  0.50479877  1.14908498  0.69440386
  0.43782237  2.72058609]
[ 1.26499345  1.34636292  2.40011942  0.49841662  1.02248865  0.68781392
  0.41316678  2.77500108]
[ 1.32766774  1.33797273  2.46705444  0.48746399  0.89599564  0.69100192
  0.45457445  2.77073255]
[ 1.33551749  1.34287624  2.47804071  0.47759352  0.86791391  0.69065826
  0.48227576  2.76353192]
[ 1.30689294  1.3443457   2.45540071  0.49908538  0.91913946  0.67246251
  0.47319136  2.72956296]
[ 1.2841408   1.33952643  2.4650855   0.51774679  0.92900573  0.67942689
  0.43483114  2.71920887]
[ 1.33924577  1.35000179  2.52969597  0.52835803  0.91636173  0.69292526
  0.4005861   2.73987478]
[ 1.33924577  1.35000179  2.52969597  0.52835803  0.91636173  0.69292526
  0.4005861   2.73987478]
[ 1.32204369  1.36912548  2.5262593   0.53890475  0.97341641  0.69895791
  0.34500177  2.76083883]
[ 1.4375718   1.37217097  2.59116243  0.53918491  0.79621215  0.70362103
  0.36496114  2.76551943]
[ 0.73414207  1.35664678  0.64127128  0.55888499  2.69166537  0.68611365
  2.72538114  2.76270792]
[ 0.72593476  1.37515188  0.97796225  0.54782173  2.87564277  0.70879917
  1.08860274  2.77277273]
[ 1.18880335  1.31857003  2.25869419  0.53604418  0.94918942  0.70771795
  0.40597583  2.76694673]
[ 1.28649911  1.34009191  2.2980395   0.47957145  0.89785222  0.68822439
  0.47664359  2.76036256]
[ 1.37679672  1.34853833  2.22332716  0.47167347  1.30121358  0.68273255
  0.40223891  2.75360887]
[ 1.41606327  1.35757533  2.47887796  0.4726839   0.85697118  0.68082487
  0.47660492  2.76388862]
[ 1.45276457  1.37401613  2.49661776  0.47473684  0.80973231  0.68678634
  0.49826803  2.73896227]
[ 1.53760391  1.3879087   2.47830109  0.47523793  0.92456168  0.67444234
  0.54221057  2.73583874]
[ 1.53549161  1.42938707  2.50671078  0.48000181  0.87993146  0.65472901
  0.69846529  2.7310358 ]
[ 1.43105354  1.41935935  2.57398522  0.4906973   0.85478039  0.66228822
  0.57570336  2.72227572]
[ 1.30880976  1.43818197  2.55963911  0.50915421  0.9992035   0.67458639
  0.45663344  2.73644836]
[ 1.26912091  1.41211844  2.52348929  0.50496968  1.00789841  0.66623665
  0.47447459  2.72021096]
[ 1.26912091  1.41211844  2.52348929  0.50496968  1.00789841  0.66623665
  0.47447459  2.72021096]
[ 1.32124051  1.42949492  2.52768579  0.52576465  0.89442701  0.60670431
  0.43741849  2.6478506 ]
[ 1.34575847  1.43242925  2.5560564   0.49658892  0.85708702  0.63909612
  0.45062288  2.71494747]
[ 1.31476865  1.43496556  2.5451251   0.4953248   0.88468249  0.63134337
  0.44836694  2.71273751]
[ 1.29580488  1.41944159  2.56175704  0.4935225   0.8883575   0.65177156
  0.44066283  2.73345423]
[ 1.33145807  1.43169681  2.56995734  0.48560427  0.83193377  0.65140349
  0.43730379  2.73180034]
[ 1.30579209  1.42583642  2.57336962  0.48597845  0.86010732  0.64263207
  0.4182766   2.71685112]
[ 1.30070381  1.42429502  2.57386062  0.47741981  0.84810086  0.65825009
  0.41720095  2.72562491]
[ 1.29117609  1.4231182   2.57467008  0.47788231  0.86620046  0.66029049
  0.40062931  2.72727248]
[ 1.29717183  1.42389526  2.58225487  0.47674153  0.87321757  0.66299377
  0.38093619  2.73723752]
[ 1.29733083  1.41626769  2.60881589  0.481119    0.90081979  0.67927306
  0.35519449  2.74708158]
[ 1.32472491  1.4293335   2.63680537  0.47854169  0.87765513  0.67402541
  0.36328542  2.74620129]
[ 1.32220167  1.42296418  2.65263534  0.48177569  0.83964891  0.67092288
  0.36988487  2.74186092]
[ 1.31706891  1.42296418  2.66224767  0.48177569  0.8169003   0.67092288
  0.35860214  2.74186092]
[ 1.30860904  1.43637666  2.66995241  0.48063426  0.81619004  0.65725391
  0.37747373  2.74117573]
[ 1.29735149  1.42430551  2.67486357  0.49458109  0.80884405  0.67944619
  0.37230126  2.74448793]
[ 1.2917104   1.40840138  2.6694785   0.49893526  0.8041994   0.67377553
  0.41471179  2.72490385]
[ 1.34456925  1.3962663   2.69140527  0.4893551   0.76829793  0.68831166
  0.44035556  2.73059919]
[ 1.32380789  1.39156026  2.67711864  0.49010026  0.7764442   0.69719218
  0.48318512  2.72699983]
[ 1.30377392  1.37936949  2.66704168  0.5006374   0.8092246   0.70545878
  0.48104956  2.72070181]
[ 1.31375045  1.39241076  2.60200719  0.51284884  0.86254717  0.68479925
  0.43441737  2.72687513]
[ 1.29768634  1.38348142  2.59358751  0.51749997  0.82320874  0.6758685
  0.43124172  2.73611368]
[ 1.31662062  1.37968057  2.61367293  0.50913322  0.84239109  0.66008664
  0.39615508  2.7410154 ]
[ 1.31113882  1.38001215  2.64787653  0.50506106  0.86114977  0.65907896
  0.39862322  2.75492369]
[ 1.30508428  1.34793933  2.67771642  0.49626937  0.86001084  0.69194179
  0.38782547  2.78117881]
[ 1.31224296  1.33035586  2.66955555  0.47952203  0.85527486  0.6859681
  0.36654274  2.79829178]
[ 1.33018904  1.3349693   2.6870633   0.46206591  0.84859036  0.68251339
  0.35562632  2.80597181]
[ 1.33143464  1.33520374  2.67506534  0.45257925  0.83339535  0.67916653
  0.36524878  2.80003604]
[ 1.30847333  1.31943537  2.65748637  0.43144697  0.81672924  0.6958974
  0.36905712  2.80180738]
[ 1.30847333  1.31943537  2.65748637  0.43144697  0.81672924  0.6958974
  0.36905712  2.80180738]
[ 1.34314915  1.3139728   2.66081216  0.440206    0.77924149  0.69340645
  0.38018761  2.80091009]
[ 1.33696944  1.30818855  2.65396081  0.4497969   0.78261648  0.68482289
  0.3911879   2.79446773]
[ 1.28950574  1.30298668  2.66433691  0.45050414  0.78374354  0.68715349
  0.43680993  2.79211483]
[ 1.26523868  1.31200056  2.66887021  0.45495756  0.83313702  0.68718551
  0.47936501  2.78952648]
[ 1.28383124  1.32304254  2.65818188  0.46474092  0.81785735  0.67688024
  0.4666838   2.78467553]
[ 1.28841732  1.30887586  2.64867613  0.46625307  0.8023321   0.68809563
  0.46540133  2.79732374]
[ 1.2927641   1.30401942  2.65060144  0.46972526  0.81253456  0.70304031
  0.46454339  2.7994163 ]
[ 1.28479157  1.30530141  2.6478244   0.47483284  0.83700232  0.703911
  0.47413102  2.79036128]
[ 1.30517245  1.31487462  2.64129062  0.47499389  0.83092505  0.70356024
  0.44455144  2.79402173]
[ 1.27224689  1.3073182   2.66673809  0.44544754  0.83709158  0.73573863
  0.46983813  2.77641177]
[ 1.29099137  1.33756796  2.65488418  0.43873565  0.80525803  0.68843649
  0.48967386  2.77278452]
[ 1.28905105  1.29444528  2.63927582  0.46799715  0.80743593  0.69309158
  0.5224714   2.78762286]
[ 1.27952327  1.31752256  2.63327067  0.46499586  0.80992224  0.67956684
  0.52381016  2.78504623]
[ 1.27593873  1.2815651   2.62737371  0.48282373  0.79862121  0.67908741
  0.54014474  2.77180976]
[ 1.27593873  1.2815651   2.62737371  0.48282373  0.79862121  0.67908741
  0.54014474  2.77180976]
[ 1.29075782  1.2986694   2.62804631  0.47354302  0.79062173  0.66165579
  0.53381128  2.74237543]
[ 1.28196102  1.28171437  2.63801458  0.47390313  0.76869053  0.67854848
  0.52194018  2.73493841]
[ 1.30865699  1.31995985  2.65722032  0.48565719  0.74718205  0.66806734
  0.51208437  2.73605599]
[ 1.32240328  1.32789317  2.67974473  0.46287944  0.74685518  0.65882338
  0.50185937  2.74203876]
[ 1.29034486  1.35672435  2.66177939  0.45479995  0.75975495  0.64162385
  0.50914096  2.72743863]
[ 1.30218146  1.40050609  2.67079249  0.44540124  0.75403541  0.62532235
  0.5197823   2.72482346]
[ 1.26939314  1.40495209  2.64867213  0.44288899  0.81746449  0.62031718
  0.49238878  2.72439762]
[ 1.30871865  1.3882387   2.66129294  0.43834878  0.78422515  0.64377556
  0.47939651  2.75780452]
[ 1.33475597  1.38012555  2.67553418  0.45329152  0.78187784  0.62749593
  0.44102608  2.76929183]
[ 1.37347964  1.40385713  2.68443011  0.43899235  0.76733204  0.62218342
  0.41106686  2.79141427]
[ 1.39302566  1.42168502  2.69381941  0.43088958  0.73362187  0.59325642
  0.38930391  2.81646084]
[ 1.41236731  1.40688882  2.70619183  0.43765486  0.71925557  0.595645
  0.35424452  2.82945905]
[ 1.37868893  1.3851941   2.69878737  0.44506042  0.76378289  0.59831509
  0.3667353   2.83635528]
[ 1.39364762  1.38495953  2.69940159  0.44339516  0.73101091  0.62106686
  0.36323912  2.84558374]
[ 1.37838154  1.37878191  2.6963      0.43747829  0.74737496  0.62307593
  0.37191005  2.85490135]
[ 1.37838154  1.3715735   2.6963      0.44139864  0.74642623  0.62664825
  0.37547923  2.85088319]
[ 1.36475301  1.35174925  2.69120215  0.44745528  0.75582425  0.6148373
  0.38970895  2.83266155]
[ 1.35964343  1.3491027   2.69036757  0.45019316  0.76309113  0.59772529
  0.38659494  2.8227036 ]
[ 1.3497036   1.36570339  2.68194994  0.45252944  0.75127968  0.61889491
  0.40537231  2.83380199]
[ 1.32325151  1.3548499   2.67078708  0.45714773  0.7678076   0.6144369
  0.42566939  2.83660116]
[ 1.3290895   1.35473414  2.66379447  0.46127787  0.75140267  0.61237022
  0.43234851  2.83772402]
[ 1.31687866  1.29071302  2.65864657  0.50771954  0.76848688  0.64175841
  0.44046514  2.85500403]
[ 1.31573396  1.32438793  2.65760699  0.47829991  0.76197508  0.63227733
  0.4371245   2.86116145]
[ 1.31002461  1.32574778  2.65332459  0.47144983  0.77101895  0.63733951
  0.45311027  2.85632464]
[ 1.31271309  1.30450679  2.65116926  0.44979736  0.76216644  0.65594197
  0.47108644  2.85741243]
[ 1.30327716  1.29017263  2.6477149   0.43024603  0.75932399  0.65264521
  0.48474399  2.8225365 ]
[ 1.30552812  1.29417039  2.64487136  0.45485753  0.75480262  0.63181934
  0.48736143  2.80577962]
[ 1.30877908  1.31360959  2.64325668  0.46127926  0.78236623  0.6255638
  0.47379663  2.80215073]
[ 1.30825661  1.30291375  2.63707794  0.46250206  0.77815781  0.64379896
  0.48066272  2.82017299]
[ 1.29225677  1.33796009  2.63781396  0.47413852  0.78146725  0.60939459
  0.49584345  2.79447403]
[ 1.29225677  1.33796009  2.63781396  0.47413852  0.78146725  0.60939459
  0.49584345  2.79447403]
[ 1.28851411  1.31477268  2.62480366  0.47208807  0.80065097  0.65899882
  0.47084246  2.8007    ]
[ 1.27043869  1.30422448  2.6134054   0.49334236  0.79376255  0.66472216
  0.46792369  2.80906149]
[ 1.28272254  1.30535499  2.60566792  0.50453426  0.79989867  0.64077827
  0.46732686  2.80488187]
[ 1.2843261   1.31076967  2.60690132  0.51210162  0.80105963  0.63822263
  0.44301898  2.79326915]
[ 1.29352139  1.31585037  2.61366572  0.51802679  0.7803231   0.61065513
  0.44950461  2.7798526 ]
[ 1.2701723   1.31743816  2.60805959  0.5149432   0.80135286  0.60340391
  0.43482528  2.78338453]
[ 1.27093638  1.30396469  2.5956017   0.5213602   0.80052988  0.60864795
  0.44612558  2.78936201]
[ 1.17689787  1.2931072   2.60370948  0.53272425  1.07703891  0.55156672
  0.24353517  2.73040121]
[ 1.2639148   1.31208027  2.60908435  0.4906484   0.79462547  0.61009697
  0.42438608  2.85283812]
[ 1.26156695  1.30530592  2.61069835  0.49672591  0.81029579  0.58902072
  0.42521724  2.82580199]
[ 1.29792548  1.30488296  2.59615967  0.50455327  0.78614877  0.59301359
  0.44144443  2.80874689]
[ 1.27773691  1.30082644  2.60595849  0.50464156  0.79545247  0.57792116
  0.43327393  2.79519026]
[ 1.28888547  1.29959168  2.59787759  0.48950238  0.76535515  0.57918723
  0.44463958  2.80047431]
[ 1.28888547  1.29959168  2.59787759  0.48950238  0.76535515  0.57918723
  0.44463958  2.80047431]
[ 1.26374577  1.29322882  2.56446622  0.48870443  0.77682184  0.58003634
  0.45823563  2.78310167]
[ 1.27179542  1.30230381  2.57572442  0.4866522   0.80775324  0.59372328
  0.44648441  2.79978071]
[ 1.27400573  1.30204329  2.57949017  0.49143028  0.81596477  0.58568402
  0.45364031  2.79868412]
[ 1.22757467  1.29843422  2.57743978  0.49286813  1.04306359  0.61638481
  0.30779318  2.81620827]
[ 1.30137186  1.29644133  2.59104754  0.5104517   0.79769608  0.60030919
  0.44313099  2.81036838]
[ 1.28513092  1.29902404  2.61453052  0.53973219  0.80959241  0.61901479
  0.3776929   2.80564526]
[ 1.30834508  1.27887684  2.60305586  0.54237183  0.83877444  0.64986904
  0.4155273   2.81147866]
[ 1.29968024  1.2653809   2.59853303  0.53614457  0.82791703  0.65676
  0.44691138  2.81279947]
[ 1.276006    1.29634119  2.62831492  0.57739474  0.81690169  0.64414864
  0.43552741  2.72238237]
[ 1.26720815  1.30646523  2.63446771  0.55247866  0.79963719  0.63685899
  0.47426318  2.68834607]
[ 1.30875385  1.2917418   2.65953012  0.54657927  0.78232744  0.64399719
  0.52525813  2.73434111]
[ 1.31171223  1.29011327  2.64103733  0.52525635  0.77425559  0.6393559
  0.50925429  2.73264304]
[ 1.32678121  1.29701586  2.6314082   0.50726036  0.76739472  0.65539562
  0.50075337  2.74758871]
[ 1.32175082  1.31310644  2.62579121  0.50562102  0.76898378  0.65115847
  0.48751923  2.73637014]
[ 1.32175082  1.31310644  2.62579121  0.50562102  0.76898378  0.65115847
  0.48751923  2.73637014]
[ 1.32784299  1.3191505   2.61870624  0.49956563  0.76473606  0.64071407
  0.49228487  2.72604497]
[ 1.3319262   1.32822573  2.61856764  0.48998286  0.75916207  0.63049882
  0.48648123  2.72490559]
[ 1.35218815  1.33168382  2.61381637  0.48885876  0.70303784  0.62242015
  0.5137044   2.71394997]
[ 1.32826729  1.33160357  2.61266047  0.48344835  0.77171602  0.63254096
  0.49119935  2.71032227]
[ 1.34595597  1.35629093  2.59817537  0.46737181  0.75260716  0.64743639
  0.48931124  2.72765419]
[ 1.33528819  1.3622643   2.5911962   0.46633437  0.76491364  0.64157204
  0.48898756  2.73105807]
[ 1.32184828  1.36000867  2.59065272  0.47707257  0.7727766   0.61858309
  0.49683108  2.70981671]
[ 1.33894637  1.36114403  2.58579863  0.48099274  0.7406748   0.62401528
  0.51227571  2.72082362]
[ 1.32577427  1.35331921  2.58425348  0.48891477  0.76424906  0.63651706
  0.50875781  2.72982375]
[ 1.33009936  1.36458923  2.58436886  0.49275804  0.77219174  0.63107495
  0.50493409  2.73516068]
[ 1.3274629   1.35147128  2.58971292  0.50569619  0.78134234  0.64047322
  0.49163229  2.74336406]
[ 1.33004113  1.42781031  2.58359952  0.48481151  0.77285512  0.63114782
  0.49578576  2.73887135]
[ 1.33927046  1.38343736  2.584903    0.49794926  0.76451307  0.64979079
  0.49431074  2.73478584]
[ 1.35801928  1.35440337  2.58505479  0.5112049   0.72182787  0.67762188
  0.4930197   2.72421645]
[ 1.35801928  1.35440337  2.58505479  0.5112049   0.72182787  0.67762188
  0.4930197   2.72421645]
[ 1.34430641  1.36624094  2.57994392  0.51349113  0.75608359  0.66729157
  0.49427437  2.70291127]
[ 1.34335747  1.3641726   2.57588127  0.52535029  0.76722316  0.66719865
  0.47956333  2.70918936]
[ 1.34920821  1.37797977  2.58190125  0.52117063  0.77849214  0.67649894
  0.47932114  2.72246621]
[ 1.36517232  1.41101335  2.59152552  0.51425689  0.75819393  0.65406732
  0.45188745  2.7294117 ]
[ 1.36768635  1.45839299  2.59889782  0.49878107  0.74658523  0.62509528
  0.41082649  2.71013946]
[ 1.4439507   1.5398948   2.62795226  0.45386357  0.69216032  0.57881063
  0.36536316  2.74164151]
[ 1.47254544  1.57070793  2.64084592  0.42166725  0.65260589  0.56380551
  0.34292847  2.76568275]
[ 1.45963937  1.60259629  2.66437283  0.40742466  0.67884661  0.5228174
  0.32630945  2.78141444]
[ 1.45225714  1.58362722  2.67367643  0.40903854  0.68731601  0.51429752
  0.32654385  2.78508716]
[ 1.46327274  1.56262929  2.67825708  0.45951926  0.67670586  0.48757175
  0.34594068  2.70485687]
[ 1.43671231  1.55637978  2.67740361  0.41044472  0.73025274  0.56721056
  0.34103728  2.79292971]
[ 1.35474398  1.49783435  2.6763856   0.4374396   0.96958595  0.57307742
  0.26026108  2.78131288]
[ 1.33296348  1.50582243  2.66426632  0.4346602   0.97847679  0.56194788
  0.26392467  2.76919852]
[ 1.3334503   1.4987961   2.65836364  0.44047648  0.98712368  0.57789583
  0.2784787   2.77482992]
[ 1.3334503   1.4987961   2.65836364  0.44047648  0.98712368  0.57789583
  0.2784787   2.77482992]
[ 1.3284858   1.50868162  2.6615511   0.43413057  0.98591685  0.59633314
  0.27930492  2.7787756 ]
[ 1.44118917  1.53166302  2.65339261  0.43126719  0.68655914  0.58265551
  0.38628053  2.79128476]
[ 1.45534147  1.52825876  2.67402524  0.43066222  0.69921654  0.56409682
  0.35239113  2.78438933]
[ 1.4813724   1.54082398  2.67907493  0.42790441  0.65146725  0.55712168
  0.34228927  2.79792638]
[ 1.50601933  1.53719467  2.70006461  0.42241438  0.6267124   0.58270201
  0.34190151  2.80040052]
[ 1.49336576  1.53516818  2.68711809  0.41928231  0.61609975  0.56846305
  0.34449561  2.79375433]
[ 1.43436773  1.51964948  2.66047488  0.43050696  0.62268525  0.58363747
  0.36296598  2.7964126 ]
[ 1.39295307  1.46404649  2.64135554  0.44226727  0.6181085   0.60421167
  0.41685126  2.79375846]
[ 1.30885634  1.35293782  2.64369276  0.49772804  0.71633961  0.66070506
  0.45094519  2.77917362]
[ 1.27676879  1.31308872  2.62510057  0.50489095  0.65123121  0.69771325
  0.52048231  2.79591118]
[ 1.15487325  1.13201057  2.57823709  0.53609153  0.72183555  0.76440549
  0.55595216  2.76048217]
[ 1.08489523  1.0470692   2.55093784  0.50902052  0.75384672  0.78632262
  0.613742    2.75463484]
[ 1.02918052  0.99753267  2.58681512  0.51159375  0.78824385  0.78624471
  0.59915664  2.715873  ]
[ 1.02348103  0.94538202  2.57824589  0.52311006  0.798917    0.79228919
  0.58389055  2.69864823]
[ 1.02348103  0.94538202  2.57824589  0.52311006  0.798917    0.79228919
  0.58389055  2.69864823]
[ 1.02462059  0.92959912  2.57007187  0.52969172  0.81225974  0.79433098
  0.57169694  2.71896343]
[ 1.0037717   0.8973839   2.599635    0.51488194  0.84275483  0.80531851
  0.56786124  2.71341563]
[ 1.01701863  0.97792982  2.58436022  0.55081415  0.87519081  0.7673608
  0.56050532  2.74867524]
[ 1.03927283  0.98630398  2.58531673  0.54677073  0.84957806  0.79025032
  0.55116345  2.72933597]
[ 1.14586615  1.02786427  2.59370243  0.55410593  0.8056295   0.77069968
  0.5187302   2.74645361]
[ 1.20153448  1.08685634  2.5902145   0.55241708  0.7807054   0.75700764
  0.4989548   2.7711316 ]
[ 1.19076641  1.15424129  2.59317686  0.51565541  0.81086213  0.72619888
  0.46462811  2.80013038]
[ 1.23325328  1.1969434   2.59404189  0.50859672  0.79239599  0.68227767
  0.44808808  2.80027971]
[ 1.2542082   1.21984348  2.60517231  0.49882917  0.77289706  0.69343732
  0.44156152  2.79246388]
[ 1.29164946  1.26815837  2.60921271  0.49852428  0.72445235  0.67622363
  0.45521594  2.78362745]
[ 1.31643102  1.33133135  2.61642286  0.4876008   0.72265637  0.65857972
  0.47101373  2.7936496 ]
[ 1.31091222  1.35603195  2.6183821   0.48331087  0.71875238  0.66450732
  0.47280531  2.7878745 ]
[ 1.31764581  1.38869781  2.62629642  0.47428637  0.73301895  0.64777702
  0.46991104  2.79424587]
[ 1.31764581  1.38869781  2.62629642  0.47428637  0.73301895  0.64777702
  0.46991104  2.79424587]
[ 1.26667624  1.39817578  2.62081478  0.47551209  0.79278553  0.64758542
  0.4794182   2.78095672]
[ 1.25270289  1.3751854   2.62554019  0.48403794  0.8089816   0.65740425
  0.47919692  2.76582666]
[ 1.28390212  1.3983509   2.63795983  0.48150059  0.78431615  0.63606006
  0.48208996  2.75670163]
[ 1.3011282   1.41488422  2.64388752  0.48467781  0.74068676  0.62180949
  0.49548821  2.73420336]
[ 1.33115262  1.46222169  2.64355206  0.47808773  0.70269817  0.6047087
  0.48006584  2.71399013]
[ 1.32463504  1.46440811  2.63999997  0.48528434  0.72608575  0.60873885
  0.47897535  2.70912834]
[ 1.32723066  1.45856081  2.63942396  0.47989331  0.72321748  0.61448285
  0.47440104  2.71670451]
[ 1.32872334  1.52905741  2.63808645  0.43558306  0.72132576  0.5846205
  0.47295817  2.70071137]
[ 1.29598178  1.52677299  2.63747811  0.43836774  0.76445411  0.58491149
  0.48466646  2.69732004]
[ 1.28484391  1.52562     2.63175476  0.42884926  0.76766475  0.61217048
  0.5051221   2.70196073]
[ 1.24958965  1.49701082  2.6291117   0.44645195  0.79095663  0.61516009
  0.52130203  2.69744922]
[ 1.22832238  1.48382782  2.62271542  0.45474788  0.82969503  0.63669284
  0.56327535  2.70304423]
[ 1.20606891  1.45622821  2.55577253  0.47054556  0.95183936  0.66184771
  0.55858969  2.70613262]
[ 1.17760167  1.43782901  2.50040841  0.47986218  1.07841139  0.66275802
  0.54549572  2.70023104]
[ 0.83798651  1.45116525  1.24994245  0.47454296  2.2843566   0.63700252
  0.66340797  2.68007283]
[ 0.83798651  1.45116525  1.24994245  0.47454296  2.2843566   0.63700252
  0.66340797  2.68007283]
[ 0.84962507  1.44525749  1.23687095  0.47116571  2.40082681  0.65135312
  0.74236755  2.71294125]
[ 1.09932717  1.45813065  2.26701591  0.45982861  1.23983822  0.6444231
  0.5070662   2.72747979]
[ 1.38465986  1.49244003  2.59242697  0.41984917  0.788344    0.62422207
  0.52391042  2.82082228]
[ 1.37520883  1.50968541  2.58612258  0.40216141  0.77415903  0.60462405
  0.53122251  2.85466728]
[ 1.36616536  1.53124498  2.58105092  0.41755391  0.81252312  0.59434346
  0.51629893  2.8169046 ]
[ 1.33844584  1.5205415   2.57832635  0.42801328  0.83254549  0.6138734
  0.51065807  2.79643707]
[ 1.32095618  1.50667101  2.55451885  0.40415384  0.82917347  0.61186025
  0.5490397   2.77707653]
[ 1.31148375  1.50459158  2.56499487  0.42045722  0.81647759  0.6165397
  0.53657717  2.76931926]
[ 1.30497158  1.5061528   2.57657871  0.42635373  0.78551058  0.60365399
  0.51827603  2.76739382]
[ 1.31148368  1.48567949  2.58497845  0.46661565  0.77966987  0.57808123
  0.52158137  2.69553781]
[ 1.32899131  1.48519132  2.58912885  0.42837603  0.77590221  0.59405621
  0.53052063  2.75513685]
[ 1.34077958  1.46878452  2.59766332  0.44121901  0.7669906   0.60642302
  0.51233177  2.74101207]
[ 1.34706616  1.47528316  2.60584767  0.44280231  0.75677457  0.61729541
  0.50888043  2.71475814]
[ 1.34706616  1.47528316  2.60584767  0.44280231  0.75677457  0.61729541
  0.50888043  2.71475814]
[ 1.35409454  1.47722031  2.61528586  0.45419806  0.7506609   0.63072572
  0.50581636  2.69601535]
[ 1.38800429  1.47082288  2.62590081  0.45700885  0.72479558  0.62246245
  0.49396901  2.70702715]
[ 1.38457501  1.45358028  2.64339778  0.49225934  0.73072568  0.6617327
  0.462995    2.71813544]
[ 1.38299488  1.45654102  2.64782964  0.48564687  0.74008186  0.64171134
  0.46060847  2.73117648]
[ 1.35025414  1.4561585   2.64444974  0.4861589   0.77385928  0.64559124
  0.46114976  2.73068085]
[ 1.02620057  1.46206113  2.36145573  0.47864638  1.26100805  0.61984679
  0.43389283  2.71757395]
[ 1.11539743  1.46247483  2.49119421  0.48855239  1.1116768   0.61587698
  0.44954852  2.72903858]
[ 1.20629329  1.46146534  2.58704264  0.48873887  0.98258775  0.63103833
  0.44636823  2.73944822]
[ 1.21661842  1.48414579  2.59483255  0.49107769  0.96661558  0.6305038
  0.47908295  2.74211672]
[ 1.33141401  1.4829845   2.65177922  0.49334886  0.85409751  0.61009868
  0.46404406  2.73824515]
[ 1.33595873  1.48048222  2.62302657  0.48558701  0.82888853  0.63657471
  0.45419822  2.78203767]
[ 1.3494127   1.4366108   2.63405031  0.51063639  0.77952878  0.68440614
  0.44951645  2.75592569]
[ 1.34141196  1.44618784  2.64078068  0.49892349  0.77146971  0.66884521
  0.44508149  2.74472094]
[ 1.34141196  1.44618784  2.64078068  0.49892349  0.77146971  0.66884521
  0.44508149  2.74472094]
[ 1.37204615  1.43299233  2.6790371   0.46655734  0.74316094  0.69002674
  0.45006994  2.75519942]
[ 1.30434848  1.45403309  2.66410357  0.45599278  0.79506159  0.66123673
  0.51344306  2.76219668]
[ 1.33528371  1.47000671  2.65170537  0.47126587  0.78926455  0.63474685
  0.50913262  2.75043405]
[ 1.35582138  1.48459146  2.64404074  0.47403985  0.74390823  0.62944799
  0.50780706  2.7507621 ]
[ 1.37472256  1.48547524  2.64075484  0.47633148  0.71448495  0.62377667
  0.51486737  2.74256375]
[ 1.38308981  1.4854377   2.63933336  0.4799304   0.72278864  0.62530972
  0.52027298  2.73081173]
[ 1.37683952  1.48935252  2.63394526  0.48169557  0.72676791  0.64041114
  0.52151918  2.74000795]
[ 1.37970398  1.47177089  2.63634169  0.48094958  0.72507896  0.6514258
  0.52289038  2.72285737]
[ 1.38419493  1.48367867  2.63431582  0.48092303  0.71400293  0.64114497
  0.52134553  2.71695059]
[ 1.38989069  1.48672403  2.632424    0.47469496  0.7147015   0.63813257
  0.53275249  2.71753346]
[ 1.40093472  1.49465023  2.62869415  0.46528993  0.69890004  0.62620193
  0.52756118  2.74141077]
[ 1.40796193  1.46511353  2.62494007  0.47650805  0.68333404  0.63907048
  0.53876027  2.7331954 ]
[ 1.40980645  1.44685     2.62229975  0.47535298  0.70124268  0.65354732
  0.53730616  2.72913969]
[ 1.42857273  1.42414452  2.63164235  0.45262066  0.70019983  0.67679333
  0.5364065   2.7396378 ]
[ 1.42790599  1.44629433  2.62736046  0.45618533  0.70279985  0.67513935
  0.53743001  2.72591002]
[ 1.42790599  1.44629433  2.62736046  0.45618533  0.70279985  0.67513935
  0.53743001  2.72591002]
[ 1.42667552  1.43761753  2.62605403  0.45902902  0.70722206  0.68222631
  0.52897529  2.72622813]
[ 1.44324812  1.42889831  2.59875166  0.5000833   0.68848264  0.66312765
  0.51065056  2.71844661]
[ 1.35235545  1.42447741  2.6437163   0.4987885   0.9385797   0.65977182
  0.39171211  2.6643241 ]
[ 1.45380842  1.44187006  2.63151565  0.48539473  0.66470452  0.65466663
  0.50665399  2.67617296]
[ 1.45032283  1.4528561   2.62585569  0.47523582  0.67928605  0.64398024
  0.50626819  2.69741988]
[ 1.40541113  1.45967432  2.6286152   0.46792268  0.72637379  0.65518733
  0.5139405   2.70390602]
[ 1.36232747  1.46464613  2.60177797  0.4664136   0.75367284  0.6535112
  0.54331968  2.67808342]
[ 1.39604879  1.47505432  2.61403654  0.46201315  0.70611831  0.63973469
  0.50011222  2.67831497]
[ 1.39745775  1.47631685  2.61826298  0.4649508   0.72715302  0.65258503
  0.4829748   2.68316373]
[ 1.40817424  1.4846889   2.62072551  0.46967291  0.72856012  0.63875693
  0.46329846  2.68781007]
[ 1.4046886   1.48348209  2.63094476  0.46566186  0.72695994  0.63826019
  0.43625268  2.69773545]
[ 1.39178738  1.47994343  2.63368428  0.46352108  0.72000007  0.63970586
  0.44499464  2.70259445]
[ 1.39738129  1.48251043  2.64068974  0.4603707   0.71848958  0.64119043
  0.43684751  2.70549344]
[ 1.39325607  1.49477263  2.6406349   0.45587213  0.72158537  0.63100037
  0.44746947  2.69808056]
[ 1.39325607  1.49477263  2.6406349   0.45587213  0.72158537  0.63100037
  0.44746947  2.69808056]
[ 1.39329027  1.51806206  2.64188904  0.45332408  0.7260739   0.62695497
  0.46481218  2.67236541]
[ 1.39824772  1.50345298  2.64078083  0.45739916  0.71776648  0.63273423
  0.44590716  2.69102778]
[ 1.39097455  1.51269988  2.6360855   0.45826979  0.7230611   0.62632234
  0.44466246  2.70055018]
[ 1.40047624  1.50017439  2.63762995  0.46557881  0.7211534   0.62042988
  0.43685517  2.69654715]
[ 1.40227858  1.49070674  2.63512015  0.46942909  0.73137503  0.64067774
  0.44020785  2.6938039 ]
[ 1.39568687  1.48449952  2.63071241  0.47136649  0.75180645  0.63221379
  0.4414638   2.6912032 ]
[ 1.38457344  1.4678322   2.63416452  0.48100587  0.75954433  0.62874711
  0.43547576  2.68809445]
[ 1.39440266  1.45749643  2.64408213  0.4804276   0.74559648  0.6248652
  0.41646232  2.71981287]
[ 1.4010589   1.44244045  2.63884438  0.4960616   0.74135564  0.61909154
  0.42555912  2.6966172 ]
[ 1.40944481  1.44997774  2.64616297  0.51220482  0.75804233  0.61825905
  0.37765539  2.70566601]
[ 1.41012879  1.42277393  2.65488797  0.53099424  0.74737091  0.64375551
  0.34645769  2.72214321]
[ 1.40662831  1.43914525  2.64664313  0.51083801  0.74119061  0.63676191
  0.37269732  2.73234686]
[ 1.40483604  1.43373058  2.64536252  0.5058337   0.74451362  0.65006753
  0.3842178   2.74334731]
[ 1.40483604  1.43373058  2.64536252  0.5058337   0.74451362  0.65006753
  0.3842178   2.74334731]
[ 1.3996707   1.41770576  2.64989956  0.50710845  0.73767569  0.65372881
  0.37890125  2.7576312 ]
[ 1.39691748  1.43072294  2.65804608  0.49747357  0.73604765  0.64169609
  0.36407546  2.76543163]
[ 1.38736063  1.41943787  2.64980945  0.47582094  0.75028802  0.64591706
  0.39212912  2.78973244]
[ 1.37418091  1.39925835  2.65670868  0.48379843  0.78108634  0.66409948
  0.36529688  2.79954797]
[ 1.36492103  1.40329455  2.63926617  0.49153919  0.8040086   0.66228057
  0.35431614  2.78462372]
[ 1.3633995   1.41219888  2.64453144  0.47393006  0.79552503  0.65497114
  0.35431494  2.78622802]
[ 1.37815697  1.41395091  2.64909058  0.47267524  0.80417963  0.66216416
  0.34243892  2.78751013]
[ 1.37512666  1.41522282  2.63458475  0.47774101  0.81841977  0.67086065
  0.34739543  2.77174257]
[ 1.37010111  1.43498504  2.61448939  0.47745988  0.86501241  0.65610032
  0.35984051  2.76703434]
[ 1.36260402  1.42792336  2.61655975  0.47173477  0.86219091  0.66833624
  0.34991041  2.7877776 ]
[ 1.3448789   1.41791879  2.63330504  0.46710035  0.83201012  0.67590704
  0.34822969  2.79321503]
[ 1.333104    1.41566599  2.62616503  0.45006449  0.84418177  0.69237078
  0.36526216  2.79115371]
[ 1.32297451  1.40884163  2.62106642  0.44494898  0.83657     0.69128106
  0.36693544  2.80295531]
[ 1.3369768   1.40964512  2.62750095  0.44658561  0.82174821  0.69601091
  0.3536028   2.80969397]
[ 1.3369768   1.40964512  2.62750095  0.44658561  0.82174821  0.69601091
  0.3536028   2.80969397]
[ 1.32864235  1.40400823  2.62195066  0.43998546  0.83320192  0.71014227
  0.35018658  2.82326396]
[ 1.34086939  1.40471759  2.60857821  0.46501505  0.83102418  0.67858335
  0.31722873  2.84280685]
[ 1.28182014  1.41308215  2.60476791  0.45636729  1.02870162  0.7008625
  0.25461919  2.83864512]
[ 1.26232274  1.40333751  2.63674321  0.45805121  1.02533347  0.70003357
  0.24614167  2.8289867 ]
[ 1.266165    1.40996792  2.65029096  0.44633063  1.02701833  0.70107756
  0.25227623  2.8313463 ]
[ 1.26174056  1.41525839  2.65361001  0.44769382  1.02667627  0.70144049
  0.24408981  2.83231638]
[ 1.34044186  1.40266013  2.66192226  0.44906851  0.81755868  0.69630826
  0.32260335  2.82625435]
[ 1.34586369  1.40224167  2.67697494  0.45589399  0.80968782  0.69361113
  0.3359371   2.81863434]
[ 1.34715921  1.40436616  2.68490141  0.46116456  0.82976313  0.68736067
  0.33297524  2.81262911]
[ 1.34289829  1.39930126  2.69455329  0.47626512  0.82092103  0.70292118
  0.3313446   2.80428139]
[ 1.26559705  1.37877758  2.59190966  0.4935756   0.93252681  0.71542697
  0.29070225  2.80852701]
[ 1.27332514  1.37458929  2.60357932  0.49079166  0.90677958  0.7104302
  0.29747818  2.79854557]
[ 1.16976918  1.36981531  2.54615344  0.49657907  1.1189907   0.70989664
  0.2409332   2.80107298]
[ 1.2640606   1.33765242  2.57815666  0.53214457  0.89708499  0.72193378
  0.32051323  2.76166769]
[ 1.2640606   1.33765242  2.57815666  0.53214457  0.89708499  0.72193378
  0.32051323  2.76166769]
[ 1.24893667  1.31072702  2.58456104  0.5441578   0.90567976  0.72827004
  0.32893278  2.73709011]
[ 1.15988597  1.38709256  2.58534946  0.50024621  1.00585154  0.69195226
  0.34291674  2.73978812]
[ 1.21286968  1.36069862  2.59603397  0.51927364  0.97086204  0.69969224
  0.32373132  2.74821339]
[ 1.29002062  1.421361    2.64703247  0.49211059  0.91506948  0.67264258
  0.31544453  2.75034801]
[ 1.28124198  1.39342269  2.65432037  0.50360605  0.90364584  0.68625093
  0.31826532  2.7492671 ]
[ 1.27539132  1.39111625  2.65507591  0.50539607  0.89264171  0.68501907
  0.33330896  2.74749737]
[ 1.28050988  1.4243206   2.64720176  0.49108866  0.89553972  0.66799326
  0.33148231  2.74820814]
[ 1.27285025  1.40214592  2.64941871  0.49926257  0.88628454  0.67160594
  0.3333626   2.73508702]
[ 1.18357869  1.3938183   2.5788534   0.50293915  1.16700812  0.68085678
  0.24973763  2.74426729]
[ 1.20320766  1.40066303  2.59018687  0.50016027  1.14518868  0.67927787
  0.26329598  2.75149644]
[ 1.29229166  1.41214992  2.63532128  0.49528803  0.89171626  0.6760583
  0.32161875  2.75711826]
[ 1.28686413  1.43592843  2.62783939  0.48982349  0.89517874  0.68296111
  0.32108241  2.76165046]
[ 1.19642613  1.43405289  2.57273248  0.49332324  1.13278451  0.68296111
  0.26694452  2.76165046]
[ 1.19642613  1.43522988  2.57273248  0.48845499  1.13239681  0.67162986
  0.26600495  2.75799492]
[ 1.28288389  1.44065957  2.62170946  0.48836405  0.89494652  0.66512461
  0.309105    2.75582638]
[ 1.28786653  1.44221086  2.63352969  0.48633359  0.8805116   0.67537021
  0.30571678  2.75804968]
[ 1.28311956  1.45642227  2.65796485  0.47497867  0.87285964  0.66474063
  0.31368951  2.75803479]
[ 1.29189837  1.45659255  2.67896232  0.47730447  0.86180786  0.66267352
  0.32460737  2.76050134]
[ 1.28127665  1.45834408  2.66297426  0.48058845  0.87463606  0.66124074
  0.31680572  2.75785159]
[ 1.29084835  1.44835854  2.67189376  0.48738975  0.87731495  0.67371271
  0.32809399  2.76401346]
[ 1.28719939  1.44364727  2.67169749  0.49234033  0.87440992  0.67522419
  0.33931461  2.75766851]
[ 1.2949631   1.44440713  2.66931202  0.48734262  0.85039856  0.67070499
  0.35289756  2.74921683]
[ 1.28474207  1.42435395  2.64266506  0.47544092  0.84857231  0.68124934
  0.37943349  2.73444958]
[ 1.28471198  1.43105006  2.63886531  0.47954824  0.86066293  0.6823431
  0.36754379  2.74370179]
[ 1.32099205  1.4179206   2.64033662  0.46818434  0.82352591  0.67949468
  0.38441937  2.73741791]
[ 1.32362675  1.41281418  2.63980122  0.47295321  0.84264119  0.67470309
  0.38507598  2.73683636]
[ 1.31051647  1.40891819  2.64517516  0.47341834  0.85905677  0.66325022
  0.3700413   2.74071879]
[ 1.32690189  1.41627288  2.64297484  0.46994857  0.83722317  0.66980087
  0.3629895   2.73687569]
[ 1.32690189  1.41627288  2.64297484  0.46994857  0.83722317  0.66980087
  0.3629895   2.73687569]
[ 1.32972427  1.40543586  2.64689095  0.48034715  0.83755442  0.67286172
  0.34738214  2.74297144]
[ 1.34797696  1.39728352  2.65215249  0.48386221  0.82779525  0.6655921
  0.34328457  2.75494176]
[ 1.35362855  1.40251659  2.65938257  0.48390269  0.82509231  0.66733187
  0.33921283  2.75778225]
[ 1.36190091  1.39896144  2.67468562  0.48397766  0.81893076  0.66958895
  0.33232152  2.76142612]
[ 1.26451261  1.41385726  2.65001206  0.48621979  0.8996797   0.65794833
  0.34430352  2.75564635]
[ 1.30792883  1.41060674  2.66530095  0.48600051  0.85610693  0.65640162
  0.3402688   2.75132278]
[ 1.29045357  1.40167792  2.65749505  0.48912403  0.86941105  0.66076313
  0.34528706  2.74852651]
[ 1.27395206  1.39964532  2.6622088   0.48686764  0.86873864  0.66188179
  0.33742613  2.75072055]
[ 1.28321242  1.39745916  2.66640209  0.48818249  0.85946044  0.66101453
  0.34288913  2.74564131]
[ 1.30823612  1.40139939  2.66960994  0.4811589   0.84376292  0.65864664
  0.34212587  2.74670808]
[ 1.32145127  1.39492462  2.67085151  0.48358032  0.84103853  0.66001216
  0.34569126  2.74004721]
[ 1.32029733  1.40921544  2.66634124  0.48457921  0.84252174  0.65146726
  0.35022135  2.73409242]
[ 1.32928917  1.41021456  2.6669952   0.48180627  0.8400723   0.65984255
  0.34324414  2.73695115]
[ 1.33239839  1.4088709   2.66716442  0.4836344   0.84161795  0.6542424
  0.34013403  2.72822568]
[ 1.33239839  1.4088709   2.66716442  0.4836344   0.84161795  0.6542424
  0.34013403  2.72822568]
[ 1.33882394  1.40195862  2.67022671  0.48326473  0.84476426  0.66794542
  0.33567831  2.73029032]
[ 1.33443449  1.40094227  2.67186528  0.48112692  0.83541372  0.66914772
  0.34228851  2.71882257]
[ 1.34120382  1.3936185   2.67533052  0.48249294  0.84147206  0.67001141
  0.34373525  2.71026365]
[ 1.34306455  1.35970297  2.67482144  0.5203959   0.82787929  0.65792409
  0.344874    2.70674504]
[ 1.34541629  1.37109417  2.66782262  0.50542645  0.81364877  0.65692545
  0.35411959  2.69974706]
[ 1.35387968  1.36878006  2.65082444  0.49351604  0.80722351  0.65123118
  0.38461827  2.68605081]
[ 1.34222754  1.36531304  2.6535442   0.49913922  0.81076571  0.66045312
  0.37249148  2.69973195]
[ 1.32577036  1.37021379  2.65289285  0.49185637  0.81196167  0.66901108
  0.37639082  2.70321124]
[ 1.32934397  1.37165992  2.65072621  0.49628331  0.81050994  0.67313479
  0.38166646  2.69728199]
[ 1.31406374  1.39316513  2.66149507  0.49477176  0.83526916  0.6772554
  0.35643356  2.71082006]
[ 1.31870896  1.39268683  2.65546652  0.49381885  0.82461334  0.67099552
  0.36568794  2.70444394]
[ 1.32196976  1.39519252  2.65001716  0.49065288  0.82400748  0.6689988
  0.36575492  2.70750809]
[ 1.32537215  1.40625553  2.64338246  0.48926065  0.81832012  0.66683753
  0.36496399  2.70127024]
[ 1.34371509  1.4159281   2.62686204  0.48433264  0.81574458  0.66796585
  0.36032762  2.70312106]
[ 1.35162391  1.42593005  2.62048034  0.48238017  0.81204934  0.66218375
  0.3510197   2.70215013]
[ 1.35162391  1.42593005  2.62048034  0.48238017  0.81204934  0.66218375
  0.3510197   2.70215013]
[ 1.34622191  1.43653797  2.61046686  0.47453686  0.84839127  0.65391013
  0.36517128  2.70395927]
[ 1.33368837  1.4324577   2.61126223  0.47315568  0.85413093  0.65054799
  0.37027921  2.70473106]
[ 1.33311551  1.41200554  2.62286964  0.47520604  0.82789844  0.65987717
  0.37357311  2.70574367]
[ 1.33472173  1.41562889  2.61569762  0.47819861  0.84414741  0.66198194
  0.38128852  2.71202218]
[ 1.33459669  1.41241327  2.61015407  0.48243959  0.82468485  0.66064585
  0.38734567  2.70667507]
[ 1.36103878  1.4023783   2.61774698  0.48832897  0.82841341  0.66502479
  0.39689158  2.70721688]
[ 1.34525343  1.40353327  2.61438304  0.49160279  0.82306519  0.66791661
  0.3985058   2.70794662]
[ 1.3354932   1.41616429  2.6163095   0.48607755  0.82062859  0.66680367
  0.39375786  2.72086649]
[ 1.33911145  1.41041201  2.62166844  0.48883776  0.83222504  0.66867858
  0.38370154  2.72224078]
[ 1.34268575  1.41853441  2.61921905  0.49132919  0.83424077  0.66274231
  0.3861024   2.72820731]
[ 1.36559375  1.40069855  2.62048589  0.50280875  0.80501817  0.6666441
  0.39190986  2.72426308]
[ 1.38858227  1.39364007  2.62555048  0.51151516  0.82153841  0.6647405
  0.37739875  2.71981251]
[ 1.3816597   1.39673078  2.62545977  0.5023572   0.82648725  0.66721408
  0.37688754  2.72389127]
[ 1.3813963   1.42752763  2.62164326  0.48411208  0.83962091  0.65292273
  0.38000857  2.71414575]
[ 1.37296611  1.42434476  2.62259971  0.48779726  0.83781519  0.65269048
  0.37996996  2.71264381]
[ 1.37296611  1.42434476  2.62259971  0.48779726  0.83781519  0.65269048
  0.37996996  2.71264381]
[ 1.3800836   1.42711095  2.62671238  0.48681678  0.81086723  0.65207715
  0.38041021  2.71810429]
[ 1.36231375  1.44199994  2.61871248  0.48616919  0.83273795  0.64685855
  0.3837139   2.72381586]
[ 1.36850595  1.44028179  2.62077279  0.49332532  0.82493383  0.64599142
  0.37493054  2.71290472]
[ 1.36798601  1.45108996  2.61478212  0.50465095  0.81580697  0.64815995
  0.37857657  2.70600278]
[ 1.34075776  1.44704277  2.59338045  0.50073412  0.8364864   0.63943258
  0.39362033  2.69959229]
[ 1.34510173  1.44914249  2.58620569  0.50906058  0.82703397  0.64769961
  0.40516611  2.7016404 ]
[ 1.31890013  1.40210329  2.58262742  0.54038263  0.83411217  0.68529717
  0.41439522  2.71202149]
[ 1.30112887  1.33083358  2.57578817  0.57317804  0.85426925  0.72162797
  0.42507931  2.72472692]
[ 1.27429043  1.17089518  2.55494409  0.61417022  0.85665324  0.76054926
  0.47753732  2.72311602]
[ 1.18908453  1.12210195  2.59031363  0.62252179  0.8608974   0.7572706
  0.53776439  2.71438379]
[ 1.13473014  1.15715348  2.59035433  0.62679232  0.87990791  0.76266176
  0.59905702  2.7162905 ]
[ 1.10866575  1.07362164  2.59258394  0.61876576  0.88160529  0.71791754
  0.62708357  2.5635066 ]
[ 1.10866575  1.07362164  2.59258394  0.61876576  0.88160529  0.71791754
  0.62708357  2.5635066 ]
[ 1.07501093  1.04004997  2.59222365  0.65258813  0.88438481  0.76856206
  0.60712191  2.68982301]
[ 1.0560979   1.05759481  2.59073028  0.67467427  0.88739202  0.77235849
  0.59250622  2.72192254]
[ 0.99565113  1.04586485  2.56457699  0.70566626  0.96103303  0.77599825
  0.57113622  2.72691426]
[ 1.02273333  1.00545266  2.56186795  0.7448528   0.94798821  0.78879393
  0.5526756   2.751626  ]
[ 1.02993962  0.99772735  2.57679958  0.74359907  0.93608141  0.78061575
  0.54081536  2.77580972]
[ 1.01184004  1.0157926   2.58966867  0.74727324  0.94323558  0.79643685
  0.51782983  2.86277524]
[ 1.032566    0.97680858  2.59583298  0.76509821  0.93553861  0.76182798
  0.51510097  2.8436105 ]
[ 1.00985255  0.96416221  2.59198587  0.77836519  0.95361022  0.7696033
  0.51611321  2.85140728]
[ 0.95194933  0.94763432  2.55726536  0.7756916   0.98776931  0.77450327
  0.5074198   2.85840263]
[ 0.9606196   0.97788607  2.56456681  0.66128185  0.98829302  0.77064939
  0.5173413   2.81164973]
[ 0.97406111  0.9648061   2.60167744  0.629751    0.99696873  0.75705714
  0.5380295   2.78504063]
[ 0.94264496  0.95547911  2.61167289  0.63376877  1.00516975  0.73706552
  0.58123205  2.69579103]
[ 0.93220756  0.9660168   2.61718559  0.6340323   1.00643366  0.74932548
  0.60006516  2.68191482]
[ 0.94996361  0.94513921  2.61740536  0.61926168  1.01555731  0.74883807
  0.59888611  2.68966988]
[ 0.94996361  0.94513921  2.61740536  0.61926168  1.01555731  0.74883807
  0.59888611  2.68966988]
[ 0.9602384   0.92006128  2.62513053  0.59672684  1.01497128  0.7848685
  0.62409781  2.698511  ]
[ 0.955827    0.90584904  2.63825552  0.59018555  1.01127441  0.81134076
  0.63617147  2.68536086]
[ 0.93824432  0.89449457  2.64230282  0.60862157  0.99086714  0.8277697
  0.63906378  2.67316805]
[ 0.93585049  0.87152231  2.64174465  0.62934758  0.99438649  0.8257068
  0.63416806  2.64200957]
[ 0.94491252  0.94366303  2.63329702  0.65105098  0.98664087  0.81073326
  0.65346985  2.67120431]
[ 0.97036852  0.96663584  2.60288382  0.63905337  0.9903965   0.77601629
  0.65290292  2.7031631 ]
[ 0.99412598  1.00140128  2.60740816  0.65245168  0.98955114  0.79740065
  0.63042926  2.72338527]
[ 1.03279899  1.00392101  2.60407915  0.66495688  0.95195311  0.79988077
  0.63294155  2.68143836]
[ 1.04799998  1.00260399  2.60114653  0.6799814   0.91939772  0.79765593
  0.62116565  2.67563122]
[ 1.06627256  1.01712603  2.58192296  0.6976303   0.89515042  0.82104867
  0.60384156  2.70062614]
[ 1.07278194  1.01415175  2.58053238  0.70646577  0.89616803  0.82298917
  0.62325156  2.68562579]
[ 1.07072709  1.01302868  2.55410899  0.73221626  0.90066726  0.84145372
  0.59980942  2.69154473]
[ 1.10682198  0.98441774  2.53963277  0.74626584  0.90660769  0.8406666
  0.56945047  2.70520905]
[ 1.14636378  1.0046755   2.54973998  0.76725768  0.89022973  0.86544068
  0.51283809  2.74646225]
[ 1.15019971  1.20638085  2.53363785  0.72764573  0.87015656  0.81336792
  0.51520097  2.80486853]
[ 1.15019971  1.20638085  2.53363785  0.72764573  0.87015656  0.81336792
  0.51520097  2.80486853]
[ 1.14466771  1.23694246  2.51549415  0.64508708  0.87168427  0.80226342
  0.53048273  2.83015382]
[ 1.16456633  1.25253837  2.51766307  0.63067838  0.87000899  0.80463985
  0.53902596  2.80210331]
[ 1.14598483  1.20783539  2.52306144  0.64847916  0.86062786  0.82309975
  0.55099558  2.82183807]
[ 1.13942201  1.19032783  2.51568022  0.65713172  0.85518028  0.80819872
  0.53672045  2.81660041]
[ 1.13911888  1.15414112  2.51285223  0.64959295  0.84677874  0.79342253
  0.56515729  2.81915762]
[ 1.11327309  1.09799922  2.4966655   0.65650216  0.86513656  0.81394686
  0.55224501  2.80210236]
[ 1.08997643  1.0949654   2.48289041  0.672212    0.86627369  0.81456233
  0.58462459  2.80935464]
[ 1.09853833  1.00808621  2.46773921  0.63627542  0.83842037  0.8563732
  0.60169876  2.78889522]
[ 1.09474615  0.98379139  2.47153001  0.60315613  0.83190194  0.84415205
  0.60088402  2.76397337]
[ 1.1488378   0.98402509  2.47885264  0.58106527  0.82944109  0.84562742
  0.60477106  2.76782531]
[ 1.16107922  1.00758487  2.49998327  0.57325878  0.81737634  0.8035749
  0.59247243  2.76360259]
[ 1.17338823  1.02150367  2.50714436  0.59016825  0.82614367  0.82055786
  0.57018835  2.76875187]
[ 1.15719423  1.02389564  2.50237739  0.61041525  0.82493684  0.82484701
  0.53995033  2.75734161]
[ 1.15079602  1.03315954  2.49902093  0.63082508  0.83883433  0.82340745
  0.53618814  2.75043981]
[ 1.15079602  1.03315954  2.49902093  0.63082508  0.83883433  0.82340745
  0.53618814  2.75043981]
[ 1.15611518  1.06135601  2.42551728  0.63340134  0.8344915   0.84070136
  0.52507968  2.77130488]
[ 1.1598949   1.12614787  2.4295216   0.59105701  0.85261592  0.84617779
  0.53215005  2.77700984]
[ 1.15187678  1.14229502  2.4401767   0.570855    0.86344294  0.82382175
  0.52501677  2.75156205]
[ 1.15581409  1.2167237   2.44082437  0.56541806  0.87177762  0.77344325
  0.53425555  2.76333494]
[ 1.16863202  1.19651934  2.43524012  0.57357802  0.88751574  0.78944498
  0.53738348  2.73695084]
[ 1.20574948  1.25765124  2.46570588  0.53009013  0.96520381  0.75390927
  0.52499163  2.73051164]
[ 1.26464444  1.40069509  2.47756802  0.45133617  0.93036388  0.71674205
  0.51993986  2.86403249]
[ 1.27571085  1.31534903  2.49717001  0.51881118  0.90282749  0.75271766
  0.51822878  2.68695703]
[ 1.27674798  1.32431246  2.50455362  0.52985537  0.90719394  0.75764529
  0.49333471  2.67338908]
[ 1.30701726  1.35481992  2.5190106   0.52027714  0.85347593  0.74248531
  0.52319304  2.67593817]
[ 1.345364    1.3597983   2.55639315  0.5173147   0.83648143  0.74230381
  0.49076007  2.67359924]
[ 1.30748011  1.3910172   2.54424266  0.49598467  0.88874578  0.70034748
  0.45629062  2.68058005]
[ 1.31979619  1.39694791  2.55719324  0.49990213  0.88002433  0.69379032
  0.45800938  2.66232098]
[ 1.38137664  1.42457157  2.59878636  0.48910379  0.81794362  0.6692843
  0.47266207  2.66468326]
[ 1.38058753  1.4360596   2.59549483  0.48527636  0.82547213  0.66309244
  0.46368918  2.6647799 ]
[ 1.38058753  1.4360596   2.59549483  0.48527636  0.82547213  0.66309244
  0.46368918  2.6647799 ]
[ 1.38392927  1.43872847  2.58966243  0.47838569  0.81207472  0.66728328
  0.45530863  2.684937  ]
[ 1.39573327  1.44141302  2.60745665  0.47573978  0.78962703  0.66897209
  0.46828349  2.68454631]
[ 1.39150504  1.4234176   2.60424771  0.49231302  0.80245374  0.66997406
  0.51120327  2.67276094]
[ 1.45353989  1.4268749   2.62209479  0.49771418  0.74051522  0.65934103
  0.51218437  2.67774373]
[ 1.41568248  1.37687296  2.61503021  0.53500675  0.78127423  0.69201394
  0.5084499   2.65935041]
[ 1.28474168  1.38310048  2.5319447   0.5405518   0.92450584  0.70003895
  0.44992203  2.66360501]
