[ 0.12057052  0.14043455  0.65789768  2.44544167  2.98044934  2.95583065
  1.39090872  1.97359654]
[ 0.12119971  0.14391624  0.68424031  2.43118666  2.97944382  2.95675478
  1.37285113  1.99398602]
[ 0.118452    0.1421017   0.68907834  2.456522    2.97438912  2.96006293
  1.37350385  1.97153037]
[ 0.11766344  0.14163981  0.7472423   2.43977362  2.96946324  2.95710459
  1.34249018  1.98103828]
[ 0.11766344  0.14163981  0.7472423   2.43977362  2.96946324  2.95710459
  1.34249018  1.98103828]
[ 0.12076876  0.14327257  0.74521257  2.40174888  2.97308187  2.95222754
  1.33597711  2.00736336]
[ 0.11736426  0.1411779   0.80763181  2.40166677  2.96195222  2.95025392
  1.33027504  2.01239238]
[ 0.11511485  0.14416277  0.77247221  2.39701209  2.9628956   2.95348504
  1.35617603  2.02408222]
[ 0.11710545  0.14449083  0.77832308  2.37818995  2.96499086  2.95258534
  1.34607121  2.02978551]
[ 0.11791804  0.14579624  0.7840734   2.36599781  2.96490198  2.95185786
  1.33631352  2.03749524]
[ 0.11981973  0.14111596  0.77006739  2.41653833  2.96750426  2.95710588
  1.33077033  1.99269175]
[ 0.12695577  0.14123748  0.76328253  2.43676157  2.9769227   2.96089369
  1.31074985  1.98199691]
[ 0.12550479  0.14620473  0.75208152  2.40781447  2.97673341  2.95862606
  1.33702387  2.02296556]
[ 0.12851835  0.14552395  0.71168382  2.41774452  2.98499932  2.95908781
  1.34963887  2.01507347]
[ 0.12548904  0.14706151  0.71905513  2.4083538   2.97960773  2.96062653
  1.35129925  2.02068316]
[ 0.13153142  0.14288807  0.68580197  2.41661268  2.99077301  2.95719202
  1.36096279  1.99751445]
[ 0.13314647  0.1480438   0.6729601   2.39741786  2.99393038  2.9600992
  1.37225579  2.02771296]
[ 0.13680276  0.14439929  0.63730925  2.42823135  3.00207161  2.96138904
  1.39270757  1.9998947 ]
[ 0.1349582   0.15101422  0.67492445  2.43228328  2.99608436  2.96818774
  1.366789    2.02649242]
[ 0.1349582   0.15101422  0.67492445  2.43228328  2.99608436  2.96818774
  1.366789    2.02649242]
[ 0.13802081  0.1413217   0.67118079  2.43138461  3.00018773  2.95698501
  1.37002384  1.99433704]
[ 0.13849293  0.14423206  0.69743914  2.43021     2.99865702  2.96000347
  1.36428609  2.01037694]
[ 0.14029656  0.15038466  0.70827888  2.40890961  3.00135342  2.96218699
  1.35384924  2.04390165]
[ 0.14091871  0.15123837  0.71046902  2.42022907  3.00304657  2.96658358
  1.34201984  2.03706879]
[ 0.14322401  0.14952589  0.82499263  2.41266163  2.98795105  2.96406075
  1.24755439  2.02770648]
[ 0.13987409  0.14557867  0.77402645  2.39661668  2.99008085  2.95670382
  1.28938004  2.01905245]
[ 0.13280038  0.14292861  0.71651427  2.37754011  2.98872026  2.95071924
  1.35211163  2.0170453 ]
[ 0.13382058  0.14288627  0.74389214  2.35575723  2.98751625  2.94649747
  1.33429012  2.02659463]
[ 0.129157    0.14001096  0.75102365  2.38320578  2.97986325  2.94870799
  1.33408807  2.00263419]
[ 0.13299344  0.14552451  0.72621088  2.40820725  2.98857573  2.95927074
  1.33703145  2.01296036]
[ 0.13513558  0.14580562  0.74282887  2.40810615  2.98975336  2.95902844
  1.32169616  2.01329986]
[ 0.13452458  0.13921578  0.74364341  2.37515627  2.98700507  2.94714928
  1.33265132  2.00478475]
[ 0.13028828  0.14158095  0.63678776  2.40204777  2.99243438  2.95438675
  1.41316238  2.00067374]
[ 0.13028828  0.14158095  0.63678776  2.40204777  2.99243438  2.95438675
  1.41316238  2.00067374]
[ 0.13147735  0.14541944  0.64120234  2.39467919  2.99348299  2.95600755
  1.40513371  2.01825966]
[ 0.13677688  0.14341195  0.67615059  2.41151859  2.99700898  2.95703551
  1.3691787   2.00484767]
[ 0.13515781  0.14201835  0.64774771  2.41490856  2.9981428   2.9565957
  1.3881434   1.99728858]
[ 0.13292632  0.14543586  0.63139196  2.42200132  2.99579543  2.96082601
  1.4063308   2.00539284]
[ 0.13391534  0.14234214  0.63696164  2.4122094   2.99755162  2.95730008
  1.39551575  1.99983522]
[ 0.13530413  0.14057105  0.65254337  2.40010732  2.99695933  2.95289054
  1.38092277  1.99684736]
[ 0.13577775  0.14084137  0.66634301  2.39108065  2.99586811  2.95140404
  1.36770201  1.99921603]
[ 0.13488321  0.14037968  0.65361123  2.38567264  2.99644453  2.95013297
  1.37448155  1.99914738]
[ 0.13296595  0.14465888  0.69921314  2.41204248  2.98943384  2.95912391
  1.34271201  2.00457502]
[ 0.13064858  0.14302091  0.66293342  2.40660791  2.99022531  2.95695834
  1.38002936  2.0007858 ]
[ 0.13130656  0.14316582  0.73822882  2.39974055  2.98395347  2.95535195
  1.32428388  2.00631262]
[ 0.13639657  0.14221748  0.70888301  2.3952197   2.99270238  2.95344125
  1.33833363  2.00595286]
[ 0.12876309  0.1409999   0.64317501  2.41011821  2.98945067  2.95502665
  1.3998175   1.99372329]
[ 0.13192031  0.14177765  0.64753249  2.40331324  2.99339456  2.95487451
  1.39127866  1.99968584]
[ 0.13192031  0.14177765  0.64753249  2.40331324  2.99339456  2.95487451
  1.39127866  1.99968584]
[ 0.13302543  0.14085942  0.66410042  2.37968285  2.99337767  2.94889408
  1.37465661  2.00640639]
[ 0.13601093  0.13971142  0.68237071  2.37788386  2.99577054  2.94836736
  1.35655494  2.00177614]
[ 0.13627247  0.14376725  0.73555169  2.3949924   2.98997007  2.95391566
  1.31602716  2.01192858]
[ 0.12901947  0.14367055  0.70545828  2.38219756  2.98417124  2.9497174
  1.35915656  2.01841074]
[ 0.12902179  0.1444579   0.66098248  2.40707715  2.98891159  2.95456928
  1.39224217  2.01410119]
[ 0.12659805  0.14388872  0.65054744  2.41020956  2.98711857  2.95427973
  1.40527666  2.01191758]
[ 0.12634348  0.14551294  0.71133524  2.39912414  2.98036332  2.95402164
  1.36239727  2.02242622]
[ 0.1258875   0.14494291  0.68220009  2.38548361  2.98227471  2.94993858
  1.39283465  2.03176743]
[ 0.12843728  0.14457399  0.6682979   2.36258356  2.98867209  2.94597478
  1.39193964  2.03852502]
[ 0.13451252  0.14670009  0.65238985  2.36709072  2.99810793  2.94834902
  1.38872395  2.04309646]
[ 0.14153256  0.14738504  0.64256957  2.37892274  3.01020815  2.95153666
  1.38186572  2.04135133]
[ 0.14247589  0.14874348  0.67432227  2.37224099  3.00817541  2.95045571
  1.35614309  2.05101408]
[ 0.13948272  0.14594046  0.66348954  2.38097765  3.00566802  2.94983972
  1.37460939  2.03728345]
[ 0.14610566  0.14392251  0.66703436  2.37612934  3.01523306  2.94704151
  1.35539493  2.02916483]
[ 0.14302752  0.14460263  0.6747749   2.39134195  3.0101129   2.95008443
  1.35864913  2.02693453]
[ 0.14302752  0.14460263  0.6747749   2.39134195  3.0101129   2.95008443
  1.35864913  2.02693453]
[ 0.14325106  0.1421826   0.68022255  2.3937275   3.0095768   2.94735551
  1.35356227  2.01690028]
[ 0.14594467  0.14089934  0.71340015  2.36442501  3.00935869  2.94027296
  1.31889564  2.02361643]
[ 0.14651883  0.13414583  0.70617063  2.35007679  3.01024076  2.93312785
  1.32874966  2.00370982]
[ 0.13761041  0.13838733  0.64676898  2.37543381  3.00449816  2.94141737
  1.39861374  2.01126114]
[ 0.14279962  0.13914328  0.66792395  2.38170782  3.00984625  2.94300854
  1.3685808   2.01117271]
[ 0.14304633  0.13646619  0.66256352  2.37451746  3.01058956  2.93896608
  1.36841323  2.00147596]
[ 0.14261664  0.13731472  0.67127461  2.37305023  3.00978948  2.93917578
  1.36204846  2.006919  ]
[ 0.1414847   0.13780787  0.6699846   2.38000008  3.00974612  2.94102243
  1.36499566  2.00741483]
[ 0.13851993  0.14047787  0.68928808  2.35444977  3.00337607  2.93938636
  1.35544724  2.02579919]
[ 0.1366239   0.14154694  0.70714498  2.35447654  2.99855533  2.9403462
  1.34531934  2.02908638]
[ 0.14264194  0.14275381  0.701214    2.34934834  3.00567987  2.9416694
  1.3310681   2.03655601]
[ 0.13714634  0.13924948  0.69262714  2.32136284  2.99886698  2.93194964
  1.35494541  2.03103758]
[ 0.14150782  0.14173656  0.68972861  2.3282831   3.00203478  2.93782853
  1.3492577   2.0403456 ]
[ 0.14150782  0.14173656  0.68972861  2.3282831   3.00203478  2.93782853
  1.3492577   2.0403456 ]
[ 0.14808717  0.14268955  0.67524579  2.34003606  3.01147823  2.94188261
  1.3352329   2.03692619]
[ 0.15245899  0.14546229  0.6646214   2.34539236  3.01800363  2.94599236
  1.3370245   2.04575884]
[ 0.15355339  0.14053196  0.67905199  2.36245981  3.01770407  2.94516693
  1.32236998  2.02105829]
[ 0.15453912  0.13907641  0.64970862  2.3620471   3.02228462  2.94276073
  1.3428216   2.01464897]
[ 0.15465653  0.13956968  0.6556459   2.35437885  3.02106289  2.94209557
  1.33293872  2.01753032]
[ 0.15327806  0.1321107   0.62453012  2.33679168  3.02288777  2.93325895
  1.35861626  1.99331776]
[ 0.15241763  0.13433569  0.61637522  2.37794311  3.02147632  2.94196661
  1.36944831  1.98648229]
[ 0.14511756  0.13530422  0.57507433  2.40864366  3.01392159  2.94856402
  1.42468023  1.97696439]
[ 0.14561582  0.13577697  0.61217529  2.3763183   3.01146128  2.94182738
  1.3914088   1.99078478]
[ 0.15039267  0.12980986  0.60758711  2.39612672  3.02009847  2.94003144
  1.3882684   1.96152992]
[ 0.14905951  0.13461265  0.62365827  2.39719743  3.01706881  2.94542705
  1.370435    1.97705367]
[ 0.15053985  0.13511115  0.59577106  2.39521148  3.02159163  2.94426942
  1.393962    1.97786435]
[ 0.14853928  0.1347919   0.57984216  2.39769296  3.01998986  2.94453077
  1.41524953  1.97676724]
[ 0.14853928  0.1347919   0.57984216  2.39769296  3.01998986  2.94453077
  1.41524953  1.97676724]
[ 0.14515665  0.13236096  0.55995196  2.41956639  3.01619857  2.94537575
  1.44224745  1.95814409]
[ 0.14171335  0.13469675  0.52649915  2.41687659  3.01454918  2.94711391
  1.48100367  1.97111341]
[ 0.14648319  0.13947188  0.56203718  2.44318653  3.02096857  2.95804381
  1.44073634  1.97931177]
[ 0.14394111  0.13804608  0.57354217  2.4274903   3.01597654  2.95256663
  1.44650459  1.98501465]
[ 0.14733469  0.13510317  0.58460592  2.3995989   3.02054148  2.94381151
  1.43010152  1.98554076]
[ 0.14687878  0.13268157  0.58234815  2.39132634  3.01906714  2.93997547
  1.43434755  1.97939044]
[ 0.14445602  0.12826543  0.58231744  2.38430518  3.01608383  2.93611209
  1.43613323  1.96444776]
[ 0.14294152  0.13030098  0.56741132  2.40202744  3.01566728  2.94191385
  1.44642975  1.96286497]
[ 0.14157226  0.13570314  0.58093317  2.38915269  3.01277826  2.94456074
  1.43351133  1.98735106]
[ 0.15070915  0.13229464  0.61487778  2.38252429  3.0233926   2.93967528
  1.37809459  1.97635621]
[ 0.14882061  0.13517756  0.61739908  2.39228064  3.02084431  2.94217639
  1.38718656  1.9861358 ]
[ 0.15125155  0.13974963  0.60005785  2.4019631   3.02684359  2.94982483
  1.39920282  2.00020994]
[ 0.1473933   0.13673226  0.62603589  2.41126     3.01751418  2.94859553
  1.3796341   1.98139455]
[ 0.14845458  0.13503649  0.62200342  2.3916825   3.01943578  2.94345107
  1.38422207  1.9855061 ]
[ 0.14915694  0.1381695   0.63088914  2.38249335  3.02000537  2.94477055
  1.37086712  2.00280892]
[ 0.14915694  0.1381695   0.63088914  2.38249335  3.02000537  2.94477055
  1.37086712  2.00280892]
[ 0.1446304   0.14349837  0.60774875  2.38376105  3.01507702  2.94902902
  1.4058563   2.02263007]
[ 0.14273817  0.14723486  0.64799101  2.36978891  3.00833461  2.94996708
  1.37003382  2.04025545]
[ 0.14214204  0.14624333  0.65014127  2.3582543   3.00874821  2.94830148
  1.36968245  2.0400446 ]
[ 0.143527    0.14256654  0.66358384  2.33940319  3.00988589  2.94156533
  1.35935323  2.03152947]
[ 0.14632686  0.14037065  0.66016311  2.35348095  3.01447089  2.93959205
  1.35693909  2.02190765]
[ 0.14478284  0.14869483  0.66949382  2.37152273  3.01121119  2.9503221
  1.35099913  2.04821141]
[ 0.14043782  0.14721753  0.66868502  2.35102429  3.00648851  2.94466906
  1.35881263  2.0494321 ]
[ 0.14156284  0.14714449  0.67683016  2.37139673  3.00683631  2.94929437
  1.35000434  2.04154534]
[ 0.14145406  0.14803183  0.6760713   2.39576196  3.00785466  2.95525507
  1.350896    2.0364447 ]
[ 0.13952588  0.14762825  0.64225011  2.38831313  3.00847914  2.953168
  1.38608761  2.04008144]
[ 0.14182074  0.14643604  0.6415026   2.40886283  3.01173297  2.95523144
  1.3811333   2.02667888]
[ 0.14187092  0.14698107  0.66997952  2.40994695  3.0089972   2.95723244
  1.35687453  2.02919568]
[ 0.1409731   0.14701567  0.66324912  2.40187843  3.00998748  2.95493776
  1.36270194  2.03501258]
[ 0.14207676  0.14769495  0.6813631   2.38428858  3.0082261   2.95158247
  1.34842724  2.04356976]
[ 0.14207676  0.14769495  0.6813631   2.38428858  3.0082261   2.95158247
  1.34842724  2.04356976]
[ 0.14212416  0.14725568  0.68390844  2.38581662  3.00769741  2.95372115
  1.34414525  2.03995835]
[ 0.15298794  0.14376815  0.67506676  2.39244397  3.022956    2.95037745
  1.32321308  2.02424808]
[ 0.15309506  0.1405302   0.67935211  2.41114703  3.02326571  2.95124893
  1.32399592  2.00519118]
[ 0.14942751  0.13617001  0.69871617  2.39157172  3.0161138   2.94390757
  1.31287922  1.99207721]
[ 0.14810824  0.13561232  0.6833148   2.38087787  3.01596622  2.94073837
  1.32819577  1.99417571]
[ 0.14635822  0.13594802  0.66179565  2.40293982  3.01574353  2.94464963
  1.3545623   1.98768222]
[ 0.14197885  0.1404501   0.64809311  2.38892801  3.01160423  2.94636629
  1.37602761  2.01245885]
[ 0.14436453  0.13946219  0.65420087  2.38615931  3.01336028  2.94346829
  1.36182931  2.00623463]
[ 0.13979699  0.14287133  0.63918437  2.39908954  3.00814338  2.94980945
  1.3851067   2.01610122]
[ 0.14599229  0.14175463  0.66457624  2.38677261  3.01427513  2.94626331
  1.34374348  2.01659722]
[ 0.14648919  0.13736012  0.69301003  2.41525391  3.011282    2.94759746
  1.32896773  1.99173282]
[ 0.14488901  0.13377538  0.70080211  2.38765762  3.00859703  2.93878293
  1.32855874  1.98715155]
[ 0.14058345  0.13600073  0.69458642  2.38925998  3.00324689  2.94136735
  1.34135953  1.99617436]
[ 0.14058345  0.13600073  0.69458642  2.38925998  3.00324689  2.94136735
  1.34135953  1.99617436]
[ 0.14308342  0.13458754  0.68834525  2.39350677  3.00627631  2.94066842
  1.33667535  1.9849508 ]
[ 0.14132559  0.13750927  0.66081957  2.39881194  3.00741771  2.9444545
  1.36262774  1.99497199]
[ 0.14717407  0.13695704  0.67211894  2.3996806   3.01334037  2.94467873
  1.34208606  1.99577635]
[ 0.14294638  0.12988046  0.64742819  2.42721544  3.0109772   2.9427795
  1.37268213  1.95811083]
[ 0.14494811  0.13846069  0.64295607  2.45144792  3.01603068  2.95719006
  1.36807691  1.97961384]
[ 0.15120601  0.1432879   0.6946911   2.43363692  3.0174508   2.9574537
  1.31294416  2.00872312]
[ 0.14590686  0.1392726   0.67337552  2.42972966  3.0136508   2.95277795
  1.34320481  1.9918459 ]
[ 0.14496304  0.13833858  0.66737274  2.41119033  3.013609    2.94715435
  1.34838857  1.99600159]
[ 0.14482499  0.14441739  0.67489881  2.3772423   3.01177934  2.94924358
  1.34459239  2.03275127]
[ 0.14893515  0.14100332  0.70082223  2.3707257   3.01473508  2.94507505
  1.31086973  2.01968359]
[ 0.1440003   0.14223055  0.6789355   2.37778008  3.00987175  2.94592429
  1.34096893  2.02172671]
[ 0.14574277  0.14188997  0.69063249  2.39715372  3.01066849  2.95044472
  1.32530123  2.01094649]
[ 0.14535118  0.14202896  0.69939832  2.38542374  3.00915751  2.94759169
  1.31875409  2.01755247]
[ 0.13900621  0.13877246  0.64008983  2.40248171  3.00798761  2.94733953
  1.38055645  1.99801447]
[ 0.13900621  0.13877246  0.64008983  2.40248171  3.00798761  2.94733953
  1.38055645  1.99801447]
[ 0.14312119  0.14013387  0.66757065  2.36109413  3.01029881  2.94021463
  1.34741695  2.01760438]
[ 0.14440405  0.14459267  0.67542781  2.34166597  3.01050131  2.93939536
  1.33706611  2.04017043]
[ 0.14827397  0.14345311  0.73594651  2.35097114  3.00878431  2.93989093
  1.29546433  2.04157714]
[ 0.14736546  0.15171035  0.72277789  2.39253931  3.01166523  2.95629262
  1.29880322  2.06121052]
[ 0.14849836  0.15475783  0.70059295  2.43245665  3.01422454  2.96573965
  1.32349366  2.06210708]
[ 0.1489262   0.15247964  0.70251609  2.40115643  3.01444032  2.95796019
  1.31116181  2.05815165]
[ 0.14593365  0.14830049  0.66696301  2.41964417  3.012955    2.95809933
  1.34684575  2.02857203]
[ 0.15278693  0.14709973  0.70107156  2.40731013  3.01793502  2.95519313
  1.29166278  2.02633472]
[ 0.16158773  0.14536868  0.72273076  2.39260653  3.02476954  2.95027198
  1.24884687  2.02877584]
[ 0.16265328  0.14654726  0.69792491  2.38308894  3.0306926   2.95095334
  1.26159805  2.0350018 ]
[ 0.16626457  0.14500141  0.68427534  2.40626118  3.03677364  2.95486915
  1.26060312  2.01836662]
[ 0.17111135  0.14396633  0.70846642  2.36261284  3.03845894  2.94632904
  1.21554542  2.0335681 ]
[ 0.17034425  0.14610335  0.6943934   2.36217994  3.04069702  2.94703795
  1.23300563  2.04161523]
[ 0.17616834  0.1434145   0.69407244  2.3730347   3.04679377  2.94675785
  1.20464616  2.0268899 ]
[ 0.17616834  0.1434145   0.69407244  2.3730347   3.04679377  2.94675785
  1.20464616  2.0268899 ]
[ 0.1763551   0.14607873  0.69783047  2.34605559  3.04575255  2.94236699
  1.20006047  2.04573687]
[ 0.17565285  0.15057176  0.68503898  2.3758876   3.04697696  2.95221263
  1.2149536   2.05245695]
[ 0.17094364  0.1452996   0.68159058  2.38681671  3.04119398  2.95018071
  1.24876993  2.02668581]
[ 0.17187327  0.14478105  0.67763584  2.41410729  3.04314959  2.95586649
  1.23990958  2.01275958]
[ 0.1725936   0.1502074   0.68643211  2.41092831  3.04257686  2.96011219
  1.22357756  2.03487574]
[ 0.16626063  0.1487462   0.68795749  2.37605968  3.03414504  2.95077403
  1.24720825  2.04417626]
[ 0.16421776  0.14650098  0.6994207   2.36210568  3.02832776  2.94638352
  1.24870213  2.04085972]
[ 0.15702811  0.1458303   0.63628908  2.37748712  3.02838531  2.94900146
  1.34045721  2.03429775]
[ 0.15686833  0.15135304  0.64953875  2.36635508  3.0267692   2.95346778
  1.32631132  2.06055033]
[ 0.16259657  0.14877919  0.67246067  2.37581459  3.03197659  2.95253871
  1.27723072  2.04482564]
[ 0.15458316  0.15051479  0.6552972   2.39406623  3.02315476  2.95748064
  1.32445846  2.04718874]
[ 0.15475593  0.1495876   0.67475152  2.37906499  3.02224902  2.95388627
  1.3050171   2.04870012]
[ 0.16028711  0.15183578  0.69953515  2.38925975  3.026254    2.95816251
  1.25771786  2.05393496]
[ 0.1564207   0.15245666  0.67961874  2.38491158  3.02402241  2.9568706
  1.29115828  2.05703692]
[ 0.1564207   0.15245666  0.67961874  2.38491158  3.02402241  2.9568706
  1.29115828  2.05703692]
[ 0.15774581  0.14888182  0.69296604  2.39773988  3.02399254  2.95638483
  1.27193405  2.03624458]
[ 0.1557169   0.15019723  0.68043385  2.37933589  3.02196306  2.95407316
  1.2902606   2.04967387]
[ 0.16129638  0.1456954   0.66963792  2.37018898  3.03025925  2.94959669
  1.28688016  2.03592173]
[ 0.16351333  0.14683984  0.69404076  2.36111967  3.02997873  2.94823667
  1.25247974  2.04381221]
[ 0.15855623  0.14985808  0.65972116  2.34723196  3.02886507  2.94811426
  1.30480558  2.06057417]
[ 0.15605446  0.1489202   0.66641441  2.37279783  3.02390183  2.9524918
  1.30190403  2.04589415]
[ 0.16094337  0.14916397  0.68844302  2.35738885  3.02719502  2.95040866
  1.27849349  2.05462459]
[ 0.15732122  0.14825838  0.69532293  2.35623413  3.02230672  2.94966538
  1.29012118  2.0511345 ]
[ 0.15862563  0.14856719  0.6949063   2.33711681  3.02488435  2.94555832
  1.28851868  2.05953565]
[ 0.16109912  0.14818461  0.70886565  2.34289125  3.02697301  2.94606553
  1.26082856  2.05623298]
[ 0.15447815  0.14855685  0.68547429  2.36049418  3.02151918  2.94794559
  1.3034825   2.05057944]
[ 0.16243651  0.14841266  0.69923886  2.37137557  3.02974695  2.94991276
  1.25596006  2.04763826]
[ 0.15723129  0.15207022  0.67458096  2.36800809  3.02617949  2.95126211
  1.2996416   2.06482354]
[ 0.16205545  0.15352671  0.68684622  2.36993193  3.03120508  2.95347058
  1.26609625  2.06867464]
[ 0.16205545  0.15352671  0.68684622  2.36993193  3.03120508  2.95347058
  1.26609625  2.06867464]
[ 0.16481331  0.15773742  0.69048799  2.35706011  3.03266664  2.95475882
  1.25876758  2.09164468]
[ 0.16803404  0.15003051  0.70473876  2.35614943  3.03394472  2.95047866
  1.23724392  2.06055467]
[ 0.15758282  0.14994224  0.6453513   2.36706074  3.02939607  2.95036529
  1.34029925  2.05704732]
[ 0.15871829  0.15019692  0.65802229  2.37465662  3.03009559  2.95187699
  1.31946006  2.05558113]
[ 0.15813593  0.14639435  0.65797142  2.37812721  3.02860804  2.9489901
  1.32195085  2.0399958 ]
[ 0.16001843  0.15013909  0.672803    2.37556984  3.02919134  2.95283117
  1.28818959  2.05294729]
[ 0.16204002  0.14685098  0.65534448  2.38767237  3.03332351  2.95237856
  1.29877849  2.03542019]
[ 0.16112174  0.14280634  0.65919684  2.37223066  3.03259871  2.94535676
  1.30274035  2.02738228]
[ 0.15606918  0.14331761  0.65040289  2.38233841  3.02720819  2.94729474
  1.32501384  2.02240856]
[ 0.15550116  0.14662516  0.66604169  2.38182394  3.02507684  2.9509431
  1.30377358  2.03504998]
[ 0.15613988  0.14768731  0.67552729  2.37702447  3.02319959  2.9494832
  1.30040008  2.04409815]
[ 0.16045182  0.15110752  0.69006204  2.38020267  3.0277109   2.9528416
  1.26513411  2.05720469]
[ 0.15557255  0.14925699  0.68201011  2.39490404  3.02344227  2.95470107
  1.29341229  2.04472846]
[ 0.15557255  0.14925699  0.68201011  2.39490404  3.02344227  2.95470107
  1.29341229  2.04472846]
[ 0.1616427   0.15152373  0.71197388  2.40132823  3.02657868  2.95799681
  1.23684     2.05318758]
[ 0.16247114  0.14600314  0.69850963  2.41565245  3.02946091  2.95478703
  1.25414998  2.02638012]
[ 0.15845505  0.14949197  0.69500634  2.39563403  3.02557038  2.95558934
  1.27201243  2.04696623]
[ 0.15740828  0.14833406  0.69005114  2.38830753  3.02396242  2.95357152
  1.28032616  2.04362635]
[ 0.15648847  0.14617696  0.69947625  2.38005879  3.02143279  2.95018239
  1.27498727  2.03703083]
[ 0.15920416  0.14896716  0.70858185  2.37544156  3.02328222  2.95216572
  1.25081529  2.0488197 ]
[ 0.16091983  0.1503178   0.73837154  2.36361739  3.02183128  2.94974142
  1.24179707  2.06777142]
[ 0.15835729  0.1466003   0.73864446  2.38427587  3.01943423  2.95026071
  1.2444677   2.04359598]
[ 0.15640993  0.15330081  0.71652677  2.38447527  3.02012011  2.95626458
  1.26738202  2.06998928]
[ 0.15776906  0.15500823  0.7076254   2.38020206  3.02278076  2.95808433
  1.26980208  2.07754177]
[ 0.16086722  0.14909218  0.70194669  2.35634124  3.02685699  2.94928193
  1.26181253  2.06001928]
[ 0.16468088  0.1515354   0.69882847  2.36870587  3.0315758   2.95376725
  1.24626396  2.06691642]
[ 0.16739774  0.14835304  0.69254308  2.37445725  3.03599997  2.95186891
  1.23952354  2.05062084]
[ 0.16401378  0.14821974  0.70260729  2.37015898  3.03018468  2.95030964
  1.24083942  2.04945007]
[ 0.16401378  0.14821974  0.70260729  2.37015898  3.03018468  2.95030964
  1.24083942  2.04945007]
[ 0.16290594  0.14927342  0.69960698  2.39370494  3.02864306  2.95654644
  1.24576226  2.04471183]
[ 0.16444099  0.14831444  0.72521282  2.36690642  3.0265628   2.94993957
  1.21649833  2.05173104]
[ 0.16697251  0.1507033   0.73725728  2.37562091  3.02680584  2.95541704
  1.19567334  2.05854662]
[ 0.16575431  0.15115905  0.73130444  2.36947318  3.0270827   2.95365596
  1.20712037  2.06378154]
[ 0.16160831  0.15072291  0.72608933  2.37239739  3.02318347  2.95422575
  1.22476406  2.05808358]
[ 0.15330267  0.15062502  0.72078835  2.3693854   3.01413395  2.95439259
  1.25657815  2.05745638]
[ 0.15913487  0.15044547  0.74997677  2.37425823  3.0147635   2.95562677
  1.21133879  2.05731021]
[ 0.15235553  0.148363    0.74712827  2.37337716  3.00820838  2.95284493
  1.2462909   2.0507742 ]
[ 0.15333551  0.15442882  0.77277318  2.3410883   3.00554761  2.94975644
  1.22491471  2.08549188]
[ 0.14862199  0.1558931   0.76205918  2.338193    3.00233912  2.94937385
  1.25012614  2.09265006]
[ 0.14659319  0.15650754  0.75774092  2.33452435  3.00082941  2.94816433
  1.25512698  2.0954752 ]
[ 0.1501612   0.15058722  0.75988105  2.33200279  3.00421336  2.94436313
  1.23993731  2.07061111]
[ 0.14745873  0.15160658  0.7687277   2.3408968   3.0003384   2.94757846
  1.24327726  2.07047359]
[ 0.15191399  0.14784465  0.78705621  2.36697537  3.00175885  2.9490055
  1.22864762  2.05575449]
[ 0.1479627   0.15126895  0.77588553  2.38259381  2.999099    2.95549506
  1.24693229  2.06110073]
[ 0.1479627   0.15126895  0.77588553  2.38259381  2.999099    2.95549506
  1.24693229  2.06110073]
[ 0.14617772  0.14804407  0.76860214  2.39543291  2.99830224  2.95548669
  1.25447995  2.04070201]
[ 0.1455254   0.15213267  0.78111627  2.37963887  2.99563904  2.9553836
  1.2473505   2.06299933]
[ 0.1472243   0.15093227  0.78527531  2.36002325  2.99696488  2.95050004
  1.24113367  2.06433248]
[ 0.15092188  0.14700097  0.77533874  2.36898875  3.00221513  2.94973271
  1.23119867  2.0444057 ]
[ 0.15065264  0.1450431   0.7747016   2.37604469  3.00262444  2.95012288
  1.22952507  2.03237575]
[ 0.15212225  0.15075643  0.76283322  2.39048473  3.00649768  2.95887069
  1.23198192  2.04933906]
[ 0.15657954  0.15423641  0.77408507  2.3772494   3.01064446  2.95881864
  1.20851873  2.07053497]
[ 0.16185925  0.15504402  0.78081894  2.39855763  3.01478544  2.96342841
  1.18117294  2.06595712]
[ 0.16558045  0.15831838  0.79524118  2.37916795  3.0164932   2.96179616
  1.1566518   2.08741956]
[ 0.16381263  0.15374356  0.78788956  2.37852961  3.01530228  2.95673797
  1.1725413   2.06863866]
[ 0.17113313  0.15014431  0.79330956  2.38047053  3.02257761  2.95345191
  1.13419053  2.05392082]
[ 0.16965483  0.15775921  0.81232354  2.35366281  3.01800516  2.95436625
  1.12999641  2.09422048]
[ 0.16746353  0.15840474  0.80460435  2.34573574  3.01686478  2.952976
  1.148263    2.09741832]
[ 0.16746353  0.15840474  0.80460435  2.34573574  3.01686478  2.952976
  1.148263    2.09741832]
[ 0.16851337  0.15594875  0.783496    2.37002568  3.02214263  2.95654355
  1.15595319  2.08065865]
[ 0.168263    0.15140668  0.78497444  2.38171787  3.02100085  2.95528723
  1.1508662   2.0547966 ]
[ 0.16614275  0.15026674  0.76158588  2.35625322  3.02320901  2.94826643
  1.18688439  2.06206333]
[ 0.16502922  0.15563189  0.7514612   2.37706438  3.02604979  2.95745097
  1.19690856  2.0783307 ]
[ 0.16078303  0.15243432  0.74974487  2.38285137  3.02032598  2.95485738
  1.22239683  2.06167004]
[ 0.16012688  0.15474988  0.76645627  2.39358059  3.01693975  2.96078894
  1.21024467  2.06611271]
[ 0.16128944  0.15436117  0.76844716  2.3722126   3.01743718  2.95499068
  1.20206748  2.0719369 ]
[ 0.1625032   0.15685852  0.77346672  2.36880155  3.01904482  2.95697512
  1.19329009  2.08463874]
[ 0.15931295  0.16258387  0.77585279  2.37093365  3.01556806  2.96112806
  1.20594125  2.11028028]
[ 0.16557093  0.16092573  0.80091728  2.3560505   3.01713851  2.95635954
  1.16518308  2.10788613]
[ 0.16159536  0.15388589  0.79863802  2.35822002  3.01425648  2.95122214
  1.1814426   2.07784191]
[ 0.16328564  0.15305253  0.80613915  2.34809159  3.01482578  2.94741992
  1.17211553  2.07782404]
[ 0.15905119  0.15484703  0.82117718  2.35493248  3.00796091  2.95216581
  1.17918157  2.08211   ]
[ 0.15630215  0.15391783  0.80520435  2.35616361  3.00842835  2.95116027
  1.19909889  2.07873607]
[ 0.15630215  0.15391783  0.80520435  2.35616361  3.00842835  2.95116027
  1.19909889  2.07873607]
[ 0.158595    0.15988116  0.81583791  2.36423034  3.00911887  2.95767328
  1.17969772  2.10281401]
[ 0.16334865  0.15995905  0.83278229  2.35023246  3.00813369  2.95314731
  1.15546139  2.10706303]
[ 0.16517884  0.15479391  0.82002459  2.36098605  3.01242694  2.95269075
  1.15249185  2.08189802]
[ 0.16063418  0.15827588  0.80326533  2.34579019  3.01089353  2.95328514
  1.18558055  2.09977863]
[ 0.16214587  0.15750526  0.78818346  2.35151236  3.01526865  2.95396045
  1.18712162  2.09502099]
[ 0.16238013  0.16016291  0.79943634  2.37657899  3.01385535  2.96160988
  1.17362601  2.09784561]
[ 0.16922856  0.16406473  0.81426415  2.35758405  3.01750145  2.96010657
  1.13525849  2.12092238]
[ 0.16671951  0.16245625  0.81850504  2.36420707  3.01479516  2.96033175
  1.14005543  2.11260359]
[ 0.16275483  0.15732339  0.80987208  2.34964642  3.01147512  2.95175627
  1.16592071  2.09299877]
[ 0.15982068  0.15454274  0.78098497  2.3371277   3.01224821  2.94669784
  1.2018525   2.08494655]
[ 0.15403895  0.15765458  0.76145503  2.32443415  3.0104866   2.9461483
  1.23805285  2.10450631]
[ 0.16681827  0.15707703  0.79810573  2.32628253  3.0183809   2.94707419
  1.15551442  2.10007473]
[ 0.17184655  0.16173295  0.80491643  2.33165091  3.02141776  2.95073293
  1.13019144  2.11877224]
[ 0.16727037  0.15706375  0.77488748  2.36992736  3.02234445  2.95610413
  1.1725082   2.0862444 ]
[ 0.16536733  0.15644141  0.76799558  2.37186663  3.0225509   2.95682157
  1.18506357  2.08288658]
[ 0.16536733  0.15644141  0.76799558  2.37186663  3.0225509   2.95682157
  1.18506357  2.08288658]
[ 0.1677874   0.16335183  0.76910113  2.35993682  3.02452245  2.95899814
  1.17397811  2.12015744]
[ 0.16827711  0.15583147  0.7523282   2.39542413  3.02685671  2.95982493
  1.18016718  2.0751779 ]
[ 0.16771534  0.14650866  0.74519678  2.40845684  3.02753379  2.95361145
  1.18420406  2.03309898]
[ 0.16444566  0.14913962  0.72967501  2.39684085  3.02725291  2.95419654
  1.21263963  2.04776934]
[ 0.17097051  0.14900635  0.76626927  2.40058273  3.02625563  2.95520535
  1.1527982   2.04692523]
[ 0.1719234   0.145876    0.76444123  2.38406062  3.02798118  2.94833808
  1.14789133  2.04058988]
[ 0.165386    0.15210231  0.7520083   2.38766192  3.02343218  2.95363559
  1.19017531  2.0643527 ]
[ 0.16087776  0.15090628  0.7589852   2.37169841  3.0182216   2.94981916
  1.20626682  2.06616924]
[ 0.15829144  0.15204857  0.7511194   2.37759719  3.01729289  2.95281868
  1.22337734  2.06954546]
[ 0.15909052  0.15537     0.78061854  2.3575292   3.01293739  2.95253721
  1.20129753  2.08906108]
[ 0.15955749  0.15979776  0.76097221  2.36137616  3.01762641  2.95534789
  1.21647711  2.10704651]
[ 0.15406418  0.15760421  0.75701261  2.38902667  3.01124974  2.9579446
  1.24029404  2.08915787]
[ 0.1582663   0.1578826   0.75112102  2.36509971  3.0176534   2.95422515
  1.23008922  2.09719949]
[ 0.15929017  0.14952842  0.75691155  2.34597854  3.01693067  2.94427457
  1.22273228  2.06806163]
[ 0.15929017  0.14952842  0.75691155  2.34597854  3.01693067  2.94427457
  1.22273228  2.06806163]
[ 0.16484545  0.14855067  0.75105819  2.3621598   3.02391791  2.94777236
  1.19808401  2.0590024 ]
[ 0.16114495  0.15147377  0.74637716  2.36435495  3.0196121   2.94960076
  1.21673057  2.06730457]
[ 0.15841071  0.14856799  0.71342461  2.38318104  3.02138751  2.95187441
  1.25550438  2.05127522]
[ 0.1540599   0.15061241  0.7203688   2.37838408  3.01518855  2.95197187
  1.26372533  2.0607949 ]
[ 0.15401306  0.14884633  0.73004768  2.37503689  3.01442318  2.94939115
  1.25843681  2.05516863]
[ 0.15427566  0.15062298  0.73663423  2.37253776  3.01344385  2.95125258
  1.25542721  2.06583105]
[ 0.15418507  0.14572332  0.71079157  2.37745574  3.01670828  2.94758439
  1.27544641  2.04277262]
[ 0.15298195  0.14668212  0.69937988  2.37971763  3.01762607  2.94854267
  1.28530565  2.04461783]
[ 0.15734873  0.14539478  0.72087473  2.35634587  3.02093741  2.94291288
  1.25035214  2.04817538]
[ 0.16040703  0.149928    0.7229791   2.37019127  3.02407313  2.95021026
  1.23374056  2.06270417]
[ 0.15947228  0.14828     0.73727461  2.370012    3.02134009  2.94838918
  1.22357619  2.05576423]
[ 0.15242653  0.15014836  0.7660872   2.33434189  3.00770845  2.94316682
  1.23486991  2.0743184 ]
[ 0.15333307  0.15301244  0.75102077  2.34523725  3.01200547  2.94709895
  1.24036775  2.08473945]
[ 0.15399108  0.15333354  0.74487348  2.37556831  3.01342985  2.95464596
  1.24445306  2.07463284]
[ 0.15048337  0.15447118  0.71855037  2.38919468  3.01275695  2.95596615
  1.27331513  2.07507216]
[ 0.15048337  0.15447118  0.71855037  2.38919468  3.01275695  2.95596615
  1.27331513  2.07507216]
[ 0.15049301  0.15045158  0.70701953  2.4170505   3.0143565   2.95883494
  1.27792587  2.05101823]
[ 0.15540856  0.15082879  0.73831246  2.40517712  3.01620044  2.95706397
  1.24874811  2.061105  ]
[ 0.15518572  0.15128055  0.72160224  2.37880605  3.01866153  2.95026778
  1.25969164  2.06769734]
[ 0.15677003  0.15598889  0.72834432  2.39426336  3.01897648  2.95757305
  1.24490009  2.08081544]
[ 0.15730898  0.15357784  0.7275721   2.39337588  3.01907027  2.95673254
  1.24033165  2.07131112]
[ 0.15360014  0.14593733  0.70372802  2.38059098  3.0172639   2.94808028
  1.27458954  2.04302191]
[ 0.15074961  0.14308192  0.66741846  2.42335134  3.01778703  2.95387281
  1.31163716  2.01475243]
[ 0.15189934  0.14186326  0.68711728  2.42426589  3.0175886   2.95562001
  1.29487446  2.01147442]
[ 0.15526029  0.14703069  0.72121966  2.4195115   3.01774628  2.96014399
  1.25683482  2.03643244]
[ 0.15691554  0.14588701  0.72522701  2.41649481  3.0184944   2.95842447
  1.24831556  2.03084014]
[ 0.15661636  0.1450028   0.71876971  2.41569899  3.02041496  2.95741681
  1.25727104  2.02857585]
[ 0.1593325   0.14426626  0.73868819  2.39956674  3.02011013  2.95293315
  1.22439092  2.03065772]
[ 0.16652703  0.14759575  0.7351123   2.4033201   3.02739798  2.95687734
  1.19049192  2.04365658]
[ 0.16606663  0.14394031  0.72434082  2.43587149  3.02862575  2.9604247
  1.19870974  2.01416024]
[ 0.16606663  0.14394031  0.72434082  2.43587149  3.02862575  2.9604247
  1.19870974  2.01416024]
[ 0.16756985  0.14398584  0.74127525  2.4165017   3.02735964  2.95729436
  1.1835517   2.02128146]
[ 0.16176457  0.14225083  0.71945845  2.45663704  3.02488216  2.96138262
  1.22256616  1.99854356]
[ 0.16524786  0.14226968  0.71776873  2.43934325  3.02737518  2.95891358
  1.21199326  2.00593494]
[ 0.16736855  0.14097979  0.70267032  2.43173312  3.03232298  2.95676578
  1.212587    2.00374756]
[ 0.16768834  0.13862014  0.72535572  2.41438992  3.02964679  2.95079183
  1.20148609  2.00378028]
[ 0.16794791  0.13853962  0.72600187  2.39684851  3.03101346  2.94710232
  1.20205122  2.00913372]
[ 0.16675441  0.13894552  0.71768649  2.38547676  3.02860464  2.94600155
  1.20639341  2.01271448]
[ 0.16876754  0.14412315  0.69410769  2.35971997  3.033803    2.94542638
  1.2156133   2.03926248]
[ 0.17020633  0.14307561  0.68332575  2.3671081   3.03662402  2.9462621
  1.21679262  2.03233395]
[ 0.17315416  0.14170735  0.72729063  2.37794129  3.03187055  2.94720573
  1.17125402  2.02675311]
[ 0.17240731  0.14859585  0.72699174  2.3548168   3.03309088  2.94756112
  1.17792308  2.06181572]
[ 0.17349383  0.14529651  0.7330379   2.38807391  3.03289545  2.95133544
  1.16150397  2.0368881 ]
[ 0.17559308  0.14529651  0.7255691   2.38807391  3.03802478  2.95133544
  1.15868799  2.0368881 ]
[ 0.17559308  0.14514937  0.7255691   2.38550534  3.03731379  2.95095224
  1.16057875  2.03673772]
[ 0.17481434  0.14824748  0.71884699  2.39692043  3.03694338  2.95445958
  1.160393    2.04445613]
[ 0.17744887  0.14390681  0.73607838  2.39560591  3.03587708  2.95093698
  1.13252517  2.02723333]
[ 0.18022159  0.14679865  0.7295825   2.41734973  3.03912309  2.95737152
  1.1234777   2.0313878 ]
[ 0.18642915  0.15060022  0.74285279  2.44295094  3.04080173  2.96753337
  1.07776988  2.03697223]
[ 0.18506833  0.15004443  0.72254495  2.43078655  3.0442174   2.96476389
  1.10017651  2.03989554]
[ 0.18365295  0.14553515  0.7193122   2.43060949  3.0432644   2.96092938
  1.11196637  2.02208123]
[ 0.17842286  0.15007089  0.71637793  2.41222391  3.0391403   2.96143442
  1.14379116  2.0472817 ]
[ 0.17843915  0.14772182  0.70295216  2.39988971  3.04231724  2.95623665
  1.15824299  2.04265838]
[ 0.18186893  0.14902933  0.70842565  2.41122546  3.04500432  2.96018934
  1.13366108  2.04448387]
[ 0.18333064  0.1497531   0.72086169  2.39625191  3.0443813   2.95956123
  1.11991983  2.05071004]
[ 0.18148461  0.15140154  0.71321538  2.40222574  3.04293533  2.96082874
  1.13250457  2.05489929]
[ 0.17453406  0.15022035  0.70702498  2.4003828   3.03733454  2.96124061
  1.18207817  2.04960123]
[ 0.17828654  0.14606281  0.71878857  2.40836937  3.03806367  2.95799944
  1.14697695  2.02890098]
[ 0.18121796  0.14759046  0.74264544  2.38134435  3.0373209   2.9541849
  1.11513431  2.04576629]
[ 0.18121796  0.14759046  0.74264544  2.38134435  3.0373209   2.9541849
  1.11513431  2.04576629]
[ 0.17729395  0.14730617  0.73346793  2.34809082  3.03724104  2.94518365
  1.14503437  2.05545533]
[ 0.17621356  0.15150564  0.74343872  2.36373562  3.03490654  2.95304008
  1.14790473  2.06952789]
[ 0.1736581   0.1505711   0.75260407  2.37600639  3.03070271  2.95544374
  1.15985353  2.06254667]
[ 0.17550132  0.14796184  0.73268644  2.39257525  3.03471927  2.95665666
  1.16155504  2.04636611]
[ 0.17761807  0.142666    0.72892262  2.37272249  3.03806082  2.9484118
  1.15174022  2.03263513]
[ 0.17821185  0.1484898   0.7301133   2.37963728  3.03822542  2.95498486
  1.15012198  2.05299419]
[ 0.18365324  0.15146538  0.75258225  2.3796904   3.03889739  2.95840141
  1.10059319  2.06498274]
[ 0.18125477  0.1520201   0.74773199  2.36776637  3.03706337  2.95447097
  1.1125506   2.07172174]
[ 0.17466174  0.14662693  0.7376929   2.35948521  3.03256095  2.94930574
  1.16528091  2.05435784]
[ 0.17352623  0.14497038  0.74480222  2.34304106  3.02961811  2.94269998
  1.15334772  2.04783284]
[ 0.17656466  0.14171194  0.75352796  2.32220665  3.03171271  2.93677049
  1.13502481  2.04324608]
[ 0.17491615  0.14145149  0.73639316  2.37388623  3.03229364  2.94751243
  1.15219986  2.02708241]
[ 0.17583097  0.14610528  0.74637218  2.3525818   3.0324225   2.9478799
  1.14197331  2.05236008]
[ 0.16931982  0.14882573  0.72271046  2.37760935  3.02876143  2.95328752
  1.19038997  2.05337454]
[ 0.16931982  0.14882573  0.72271046  2.37760935  3.02876143  2.95328752
  1.19038997  2.05337454]
[ 0.16929335  0.14875065  0.72640237  2.37704845  3.02803664  2.95281116
  1.18606287  2.05576884]
[ 0.1745411   0.14594171  0.74986304  2.37506117  3.03113243  2.95156444
  1.14662861  2.046755  ]
[ 0.17284157  0.15060307  0.77314405  2.38909167  3.02304889  2.95701905
  1.13352891  2.06040475]
[ 0.17364229  0.15065138  0.78082929  2.37692081  3.02339406  2.95592919
  1.12620804  2.06268095]
[ 0.17036445  0.15384197  0.76605163  2.38532897  3.02214188  2.95943435
  1.15143141  2.07399418]
[ 0.17130502  0.14886576  0.75797206  2.4132883   3.02292607  2.96058305
  1.15628393  2.04438213]
[ 0.17138972  0.14942221  0.76488436  2.35348255  3.02347705  2.95048325
  1.15288773  2.06560698]
[ 0.17653732  0.15394572  0.77440125  2.36590641  3.02747011  2.9569743
  1.11804478  2.07984765]
[ 0.17076385  0.15653078  0.76002458  2.35001198  3.02417373  2.95420967
  1.15925142  2.0951464 ]
[ 0.16820763  0.15578081  0.75951284  2.37444564  3.02080699  2.95846338
  1.1645581   2.08516613]
[ 0.17009821  0.1548109   0.75110072  2.38011469  3.0220152   2.95898885
  1.16148254  2.08023326]
[ 0.1684909   0.15051568  0.73391669  2.38596005  3.0239458   2.9571336
  1.17737507  2.0574805 ]
[ 0.17204327  0.15259435  0.75155889  2.36311403  3.02524543  2.95490233
  1.14987731  2.07227257]
[ 0.17306841  0.14978236  0.75544509  2.35176258  3.02677984  2.94864061
  1.15178964  2.06866765]
[ 0.16282768  0.15025314  0.73362443  2.33892425  3.0203044   2.94322826
  1.21214195  2.0701102 ]
[ 0.16282768  0.15025314  0.73362443  2.33892425  3.0203044   2.94322826
  1.21214195  2.0701102 ]
[ 0.1587881   0.14957369  0.75089342  2.34451285  3.01386361  2.9465162
  1.21891983  2.0680033 ]
[ 0.15682973  0.15645715  0.75745287  2.36468726  3.01147763  2.95465503
  1.2159722   2.0896117 ]
[ 0.15742751  0.14896898  0.76637098  2.37982203  3.01003509  2.95106971
  1.20484483  2.05333153]
[ 0.15982441  0.15422316  0.79539982  2.37400342  3.00713647  2.95334147
  1.1774092   2.07757   ]
[ 0.15988598  0.15446172  0.80979233  2.37581543  3.00507525  2.95491716
  1.17041097  2.07701949]
[ 0.16355096  0.15537311  0.8138593   2.3624682   3.00835582  2.95370074
  1.15620807  2.0872083 ]
[ 0.15997964  0.15492845  0.79921228  2.35809263  3.00804902  2.95105506
  1.18064237  2.08576146]
[ 0.15465516  0.15068378  0.77231687  2.37511411  3.00732889  2.95148548
  1.21799239  2.06116577]
[ 0.15485209  0.15523498  0.78029952  2.37186318  3.00705206  2.95466077
  1.21108907  2.08077719]
[ 0.15658831  0.15779514  0.80446583  2.36193773  3.00540155  2.95458498
  1.18788566  2.09420283]
[ 0.16089608  0.15812774  0.83615178  2.36702613  3.00239382  2.95643818
  1.15411475  2.09503933]
[ 0.16695863  0.15571676  0.82845905  2.3859601   3.01067464  2.95857024
  1.1320936   2.08173941]
[ 0.16712417  0.15768318  0.85658527  2.36202743  3.00529027  2.95511618
  1.1217821   2.09830427]
[ 0.16412843  0.15553834  0.82829002  2.38273397  3.00802475  2.95700006
  1.15007948  2.0828785 ]
[ 0.16412843  0.15553834  0.82829002  2.38273397  3.00802475  2.95700006
  1.15007948  2.0828785 ]
[ 0.16356472  0.15059661  0.81468443  2.39064502  3.01002584  2.95582981
  1.15977132  2.05873229]
[ 0.16428668  0.14741888  0.78544367  2.38604976  3.01629613  2.95215055
  1.17209715  2.04703821]
[ 0.16614898  0.14777279  0.800425    2.38625881  3.01475463  2.95262533
  1.15210189  2.04598099]
[ 0.16528868  0.14653942  0.79762404  2.39130921  3.01406881  2.95227964
  1.16030648  2.03936438]
[ 0.16614314  0.14715206  0.7965527   2.38350667  3.01480472  2.95056483
  1.15593886  2.04514772]
[ 0.16604891  0.15065275  0.79637842  2.38875019  3.01391361  2.95540749
  1.15859375  2.05689182]
[ 0.16986214  0.1528005   0.79441905  2.3698075   3.01843219  2.95193884
  1.14192036  2.07372309]
[ 0.17614076  0.15082249  0.79862501  2.38501009  3.02263118  2.95357058
  1.10790465  2.0601723 ]
[ 0.18079823  0.15644777  0.79834071  2.3832347   3.02712828  2.95808654
  1.0816099   2.08360865]
[ 0.17260063  0.15325183  0.80138734  2.38822076  3.01737912  2.95617093
  1.11935308  2.06665388]
[ 0.16790725  0.15392298  0.79098715  2.37523918  3.01624994  2.95362067
  1.149187    2.07607763]
[ 0.16991085  0.15247285  0.80562239  2.38183509  3.01353661  2.95439698
  1.13110369  2.06753482]
[ 0.16991085  0.15247285  0.80562239  2.38183509  3.01353661  2.95439698
  1.13110369  2.06753482]
[ 0.16777585  0.15355809  0.79861544  2.38151229  3.01309388  2.95461681
  1.1444117   2.07301364]
[ 0.17036177  0.15888559  0.81454425  2.36391988  3.01180312  2.95368305
  1.12456461  2.10007794]
[ 0.17077695  0.162575    0.81374438  2.34515697  3.01491019  2.95361075
  1.12476924  2.12252315]
[ 0.16841341  0.16088169  0.81828306  2.34741368  3.0117822   2.95347192
  1.13364561  2.11258271]
[ 0.17179785  0.16079272  0.81629548  2.36566969  3.01669188  2.95865463
  1.11917272  2.10734881]
[ 0.16215479  0.15681493  0.7974394   2.38170239  3.0103581   2.95666093
  1.17527442  2.08595065]
[ 0.16414389  0.15839182  0.78605848  2.35584484  3.01628049  2.95256941
  1.17701583  2.10066205]
[ 0.16414549  0.15975081  0.79391354  2.3722863   3.01351149  2.95503205
  1.17019358  2.10155813]
[ 0.17086466  0.15955138  0.81398091  2.35121407  3.01678777  2.95221987
  1.12847133  2.10712765]
[ 0.17816128  0.16205023  0.82259473  2.33983291  3.02313876  2.95176032
  1.08961969  2.12026375]
[ 0.16900328  0.15941914  0.80450385  2.36719267  3.01794098  2.95633623
  1.14575511  2.10017807]
[ 0.16478397  0.15663471  0.82903925  2.37779232  3.00784669  2.9576557
  1.14965843  2.08450162]
[ 0.16718235  0.15688971  0.84417372  2.38207711  3.00651131  2.95906798
  1.1300058   2.08539029]
[ 0.16982406  0.1557205   0.84300924  2.38116264  3.00926842  2.95777849
  1.11736671  2.08147564]
[ 0.17446929  0.15161196  0.84462534  2.3832394   3.0131678   2.95468363
  1.10139319  2.0644849 ]
[ 0.17446929  0.15161196  0.84462534  2.3832394   3.0131678   2.95468363
  1.10139319  2.0644849 ]
[ 0.16466606  0.15255708  0.80630306  2.36884195  3.01088336  2.95164487
  1.16543921  2.07114298]
[ 0.16509882  0.15124529  0.81654528  2.36012772  3.00935452  2.94971286
  1.153501    2.06773549]
[ 0.16681267  0.14891344  0.79135929  2.38433018  3.01505576  2.95316013
  1.15912546  2.04759926]
[ 0.16898972  0.14767638  0.79981372  2.37388193  3.014949    2.94924897
  1.14672267  2.0500848 ]
[ 0.1664587   0.1497046   0.80624694  2.36460935  3.01126645  2.94913205
  1.15233785  2.06218074]
[ 0.16418224  0.15187458  0.82923667  2.34998644  3.0027271   2.94741729
  1.14836369  2.07342765]
[ 0.16533174  0.15111568  0.77010272  2.33803586  3.01674218  2.94518794
  1.1843902   2.07627818]
[ 0.16235522  0.15395708  0.78916842  2.34053819  3.00970128  2.94732325
  1.1837043   2.08731906]
[ 0.16341975  0.14944757  0.78868961  2.34608935  3.01038631  2.94428188
  1.17736932  2.0673859 ]
[ 0.16594292  0.15119246  0.76274199  2.35363671  3.01829876  2.94673907
  1.18508498  2.07159225]
[ 0.16121704  0.15320324  0.77024096  2.35906774  3.01284848  2.94911421
  1.20082877  2.07890346]
[ 0.15956708  0.15552921  0.78094181  2.33910694  3.00868599  2.94631689
  1.19961525  2.09369136]
[ 0.1574878   0.15405479  0.78862882  2.3487841   3.0052855   2.94764708
  1.19908226  2.08495246]
[ 0.16217682  0.15774346  0.79337031  2.34074044  3.00994618  2.9491554
  1.17497098  2.10139732]
[ 0.16937613  0.15395387  0.80659405  2.34015507  3.01405179  2.94579206
  1.14215064  2.08901219]
[ 0.16937613  0.15395387  0.80659405  2.34015507  3.01405179  2.94579206
  1.14215064  2.08901219]
[ 0.16115145  0.15032082  0.77161605  2.3622227   3.01170179  2.94833157
  1.19719983  2.06504042]
[ 0.16553788  0.14784425  0.78228814  2.37693958  3.01368774  2.94943835
  1.17450888  2.05271922]
[ 0.15928434  0.1496186   0.76666489  2.36154598  3.01043808  2.94796375
  1.21013161  2.06137495]
[ 0.16017037  0.14974029  0.80024481  2.35291346  3.00431663  2.94800693
  1.18784437  2.06599163]
[ 0.16208522  0.14855794  0.78889929  2.3645046   3.00828931  2.94895079
  1.17872829  2.05531488]
[ 0.16237095  0.14915664  0.79951568  2.36029214  3.00557644  2.94758859
  1.1742336   2.0599903 ]
[ 0.1633399   0.14679297  0.77095329  2.36804829  3.01249366  2.94821247
  1.18461224  2.04693318]
[ 0.16094611  0.14748577  0.76621837  2.37648298  3.01089633  2.95024665
  1.19798477  2.04725033]
[ 0.15333139  0.14598886  0.75789933  2.39003985  3.00332009  2.95098436
  1.23283613  2.03284762]
[ 0.16306893  0.14791808  0.77869087  2.36496679  3.01045462  2.94927121
  1.17755243  2.04830553]
[ 0.16152553  0.15165246  0.78942085  2.34554785  3.00752051  2.94866414
  1.18028905  2.07059136]
[ 0.15784398  0.15353509  0.77406993  2.33285244  3.00764033  2.94732696
  1.2092128   2.08335618]
[ 0.16005979  0.1559449   0.79322468  2.34482751  3.00594431  2.9513052
  1.18533701  2.08853772]
[ 0.16126992  0.15249144  0.78300708  2.33264104  3.00933218  2.94549549
  1.18929585  2.07974127]
[ 0.16126992  0.15249144  0.78300708  2.33264104  3.00933218  2.94549549
  1.18929585  2.07974127]
[ 0.16079929  0.15296119  0.80096752  2.356267    3.0063684   2.95142737
  1.17977472  2.07415813]
[ 0.16597181  0.15449691  0.80493452  2.36571646  3.01098656  2.95501121
  1.14871562  2.07672007]
[ 0.1625402   0.15489291  0.79686116  2.35553761  3.00813317  2.95173199
  1.17355255  2.08153478]
[ 0.16533886  0.15417902  0.80934144  2.36292618  3.00849502  2.95258188
  1.15365862  2.07642772]
[ 0.16922552  0.15804857  0.80808615  2.35761094  3.01301401  2.95433787
  1.13148783  2.09532345]
[ 0.17297111  0.15314512  0.83208911  2.35685168  3.010889    2.94971135
  1.10402275  2.07334152]
[ 0.16915396  0.15244822  0.81980694  2.33515785  3.00928269  2.9444258
  1.12814098  2.07622753]
[ 0.16934055  0.15814578  0.80283954  2.32691801  3.01385895  2.94624238
  1.13822763  2.10310591]
[ 0.17021133  0.15983895  0.80110281  2.34209199  3.01458349  2.95073637
  1.13422074  2.10558773]
[ 0.17127441  0.16435781  0.80684173  2.34127104  3.01465787  2.95337699
  1.12747863  2.12558369]
[ 0.17024524  0.16796909  0.81894927  2.31392879  3.0109325   2.94957008
  1.12947118  2.15024676]
[ 0.1703626   0.16465285  0.79552799  2.31957789  3.01502264  2.947223
  1.14605804  2.13637213]
[ 0.16693981  0.16811781  0.76854855  2.33197126  3.01616427  2.95256469
  1.18304973  2.14805311]
[ 0.17407752  0.17296575  0.78526617  2.29224947  3.02010412  2.94435486
  1.13934136  2.17699484]
[ 0.15814614  0.17415105  0.63299791  2.26587585  3.03025076  2.93614885
  1.37146901  2.18795796]
[ 0.15814614  0.17415105  0.63299791  2.26587585  3.03025076  2.93614885
  1.37146901  2.18795796]
[ 0.16635635  0.17939698  0.68889457  2.29254422  3.03532272  2.94528124
  1.27080332  2.20611532]
[ 0.17686891  0.18235892  0.71943302  2.31393549  3.04355596  2.95262634
  1.18827206  2.21592796]
[ 0.18203258  0.18560062  0.73958067  2.3318224   3.04550925  2.95960295
  1.14068507  2.22693979]
[ 0.18067326  0.18988496  0.75122443  2.35026349  3.04224379  2.9676856
  1.14100259  2.24261897]
[ 0.18407242  0.19263282  0.75831952  2.36263445  3.04313693  2.97461516
  1.1126596   2.25133788]
[ 0.16504651  0.1960721   0.68672297  2.358961    3.0384631   2.97555663
  1.28763249  2.26496038]
[ 0.16906791  0.19299989  0.69889732  2.3460245   3.04117208  2.9698251
  1.25703216  2.25236877]
[ 0.15782798  0.18856206  0.61271521  2.37799721  3.0382172   2.97717162
  1.40103267  2.22360039]
[ 0.1688889   0.19027904  0.68422487  2.39588416  3.04305727  2.98549971
  1.26198693  2.22837327]
[ 0.16082241  0.19494603  0.67156677  2.41423396  3.03640654  2.99608224
  1.29392941  2.25222259]
[ 0.17780344  0.20145564  0.68868759  2.40767595  3.0516913   2.9974319
  1.19201039  2.28879431]
[ 0.15200784  0.20309592  0.58173514  2.42324564  3.03067873  3.00285756
  1.43068292  2.29536081]
[ 0.1754189   0.20535499  0.64289969  2.42277389  3.05507257  3.00235326
  1.26820306  2.31196034]
[ 0.15590746  0.20602862  0.53358764  2.4136842   3.03990897  2.9988536
  1.4882954   2.31963997]
[ 0.15590746  0.20602862  0.53358764  2.4136842   3.03990897  2.9988536
  1.4882954   2.31963997]
[ 0.16779847  0.19974699  0.59631657  2.43479114  3.05021585  3.00444629
  1.35925264  2.28136721]
[ 0.1680032   0.18820961  0.5418375   2.46200817  3.05671828  3.00552569
  1.46906391  2.20573296]
[ 0.16200636  0.18163054  0.49452524  2.48044624  3.0511307   3.00612988
  1.56342681  2.15657383]
[ 0.1635276   0.18999216  0.53611187  2.44518691  3.05283924  3.00281337
  1.48583445  2.2189505 ]
[ 0.16775533  0.19750907  0.52259062  2.43450312  3.06005204  3.00483591
  1.52466803  2.2611169 ]
[ 0.16714586  0.21302267  0.53269577  2.41872014  3.05956387  3.00819426
  1.50533671  2.34700815]
[ 0.16526676  0.21517558  0.52082667  2.4354623   3.05452943  3.0138577
  1.52737507  2.34968156]
[ 0.16947266  0.20461589  0.53309081  2.41157554  3.05965787  3.00006196
  1.49737682  2.30084149]
[ 0.17255303  0.20072305  0.58824183  2.40137173  3.06081398  2.99841095
  1.39020738  2.28301079]
[ 0.17571372  0.19888104  0.56815675  2.40080491  3.06639037  2.99922149
  1.44348918  2.27416678]
[ 0.17233675  0.19644491  0.54932214  2.43385447  3.06135357  3.0061135
  1.45448783  2.24713206]
[ 0.17301963  0.19564499  0.55018435  2.44371715  3.06094607  3.00863301
  1.45080089  2.23491058]
[ 0.18589161  0.20011466  0.58257361  2.42219729  3.07659902  3.00689325
  1.34573896  2.2724951 ]
[ 0.18589161  0.20011466  0.58257361  2.42219729  3.07659902  3.00689325
  1.34573896  2.2724951 ]
[ 0.1890471   0.20147462  0.60453378  2.428632    3.07794384  3.01184874
  1.27548555  2.28564399]
[ 0.19605531  0.19079662  0.63341231  2.44655114  3.08192913  3.00953322
  1.12123641  2.22596576]
[ 0.18416415  0.19096585  0.62469527  2.43654528  3.06753739  3.00448141
  1.20499223  2.22832708]
[ 0.18224933  0.18880841  0.58834513  2.43256214  3.0694721   3.00237834
  1.30960902  2.21151369]
[ 0.17373539  0.18593662  0.57251516  2.42087668  3.05918591  2.9964006
  1.38130114  2.19898154]
[ 0.17082368  0.18113335  0.5854241   2.44126699  3.05316694  2.99916432
  1.36512024  2.16103581]
[ 0.17478287  0.19021091  0.62670446  2.39773132  3.05447903  2.99524838
  1.28874761  2.22457196]
[ 0.17190056  0.18912773  0.63415907  2.4124999   3.0505587   2.99987475
  1.29816466  2.2093134 ]
[ 0.16981251  0.18402067  0.68258409  2.42039008  3.04224438  2.99914611
  1.21923399  2.17594943]
[ 0.1670395   0.17714632  0.6983517   2.45122875  3.03664472  3.00111844
  1.20539877  2.11859112]
[ 0.16067663  0.17486299  0.69797853  2.44794033  3.02999763  2.99740745
  1.23510144  2.10983933]
[ 0.15321207  0.17682366  0.70760966  2.44704023  3.0201634   3.00085088
  1.25825749  2.12864657]
[ 0.15556852  0.17397618  0.70293491  2.44475559  3.02440554  2.9974947
  1.25177809  2.11899759]
[ 0.15963166  0.17251109  0.69410357  2.44483001  3.03136286  2.99622175
  1.24117069  2.11067844]
[ 0.15963166  0.17251109  0.69410357  2.44483001  3.03136286  2.99622175
  1.24117069  2.11067844]
[ 0.15148728  0.17340847  0.68951427  2.44330957  3.02220435  2.99724921
  1.27303168  2.11354429]
[ 0.15753702  0.17317084  0.71471015  2.41810577  3.02591614  2.99055748
  1.21855609  2.12771445]
[ 0.16422903  0.17186124  0.71466483  2.42644622  3.03414803  2.9919749
  1.190916    2.11626493]
[ 0.17382024  0.16487551  0.73401293  2.42876792  3.04106672  2.98546405
  1.11706692  2.07511923]
[ 0.17136441  0.17200822  0.7143521   2.40259015  3.04092968  2.98102738
  1.15214206  2.11715924]
[ 0.16738856  0.17532395  0.74213197  2.40898718  3.03132443  2.98557605
  1.14376995  2.13190963]
[ 0.18322322  0.18132683  0.76089339  2.38587372  3.04124167  2.98110113
  1.04323103  2.16663937]
[ 0.17147429  0.18258288  0.76662944  2.40453408  3.02868847  2.98574317
  1.10160242  2.16339154]
[ 0.18606211  0.17708772  0.81957585  2.40234994  3.02624332  2.98031073
  0.98960037  2.13467014]
[ 0.16856352  0.1731384   0.76924586  2.39166028  3.02552614  2.97300033
  1.11867388  2.12041484]
[ 0.17850166  0.17369191  0.78902991  2.36689051  3.02931569  2.96746614
  1.05191186  2.13356377]
[ 0.18707042  0.17268634  0.81742254  2.3851008   3.0294348   2.96964176
  1.0049478   2.12825212]
[ 0.18797934  0.1701719   0.81582773  2.38827803  3.03031905  2.96833796
  0.99622535  2.11214368]
[ 0.1912226   0.1675815   0.82825435  2.38999579  3.02979069  2.96673283
  0.98211241  2.10659139]
[ 0.1912226   0.1675815   0.82825435  2.38999579  3.02979069  2.96673283
  0.98211241  2.10659139]
[ 0.19149157  0.16694846  0.83036153  2.39124864  3.02962865  2.96691057
  0.97510461  2.10217422]
[ 0.19282564  0.16325574  0.8316855   2.39868756  3.0295837   2.96537735
  0.96671735  2.08062096]
[ 0.19275201  0.16218698  0.85730591  2.36967047  3.02531366  2.95731405
  0.96448985  2.09268668]
[ 0.19122038  0.15886322  0.86584632  2.34069912  3.02123729  2.94893894
  0.96342191  2.0858646 ]
[ 0.19704517  0.14667254  0.84604919  2.32236925  3.02664275  2.93646528
  0.93981348  2.04312925]
[ 0.19034936  0.15517053  0.84687568  2.27009511  3.02249167  2.9308302
  0.96655203  2.08603262]
[ 0.18876635  0.1526117   0.83164976  2.27171278  3.02715225  2.92994202
  0.97603422  2.07503148]
[ 0.19373806  0.14999996  0.82411135  2.25723674  3.03081497  2.92406622
  0.95403205  2.06729079]
[ 0.19287412  0.15213777  0.83043973  2.27391813  3.02924718  2.92940851
  0.95800098  2.07529566]
[ 0.18912519  0.1546054   0.83745682  2.2715322   3.02589558  2.92991978
  0.97291349  2.08606928]
[ 0.18149562  0.1545966   0.82862817  2.27542928  3.02490987  2.92865556
  1.01891585  2.0873411 ]
[ 0.17432926  0.15206284  0.82123764  2.25563004  3.02324529  2.92182664
  1.06112687  2.08375441]
[ 0.17346125  0.15026061  0.82983879  2.28400357  3.02055188  2.92750555
  1.05884515  2.06889593]
[ 0.17177952  0.14921282  0.86340107  2.2347451   3.01127058  2.91433153
  1.0539954   2.07793197]
[ 0.16883756  0.1490424   0.87671194  2.21770942  3.00669268  2.90953774
  1.06430183  2.07955318]
[ 0.16883756  0.1490424   0.87671194  2.21770942  3.00669268  2.90953774
  1.06430183  2.07955318]
[ 0.17319058  0.14234758  0.85745191  2.20945906  3.01408543  2.90639537
  1.05075144  2.05720053]
[ 0.17275514  0.14494237  0.84343779  2.20932129  3.01831926  2.90604218
  1.0657725   2.07064451]
[ 0.17168885  0.14777075  0.85278768  2.17605157  3.01581057  2.89920319
  1.06348174  2.08369501]
[ 0.17458416  0.15249251  0.87037749  2.18470444  3.01249408  2.90571581
  1.04077333  2.09961058]
[ 0.16784938  0.15410316  0.86652609  2.1935137   3.00919856  2.90837674
  1.07647034  2.10635929]
[ 0.16264022  0.15075218  0.84084167  2.2343409   3.00797419  2.91595004
  1.10926968  2.08401189]
[ 0.15783764  0.14923652  0.87005564  2.20818619  2.99732081  2.90928317
  1.11818806  2.0820881 ]
[ 0.15308379  0.15800727  0.88982596  2.16817413  2.98980062  2.90233283
  1.13045608  2.11970546]
[ 0.14793655  0.15812562  0.902125    2.16764823  2.98535183  2.90188607
  1.15401792  2.12486557]
[ 0.15009172  0.1570735   0.91370832  2.19184497  2.98591108  2.90946346
  1.13972773  2.11807034]
[ 0.15130287  0.1581846   0.91872949  2.20847903  2.98606164  2.91434896
  1.13556161  2.12214156]
[ 0.14893759  0.15915363  0.91452286  2.21962385  2.98407434  2.91774168
  1.14324233  2.12158243]
[ 0.14071489  0.16532357  0.90708871  2.17765265  2.98082656  2.91100983
  1.18301882  2.1523338 ]
[ 0.1370123   0.15880941  0.91897719  2.15371238  2.97580233  2.90304384
  1.19142475  2.12810839]
[ 0.1370123   0.15880941  0.91897719  2.15371238  2.97580233  2.90304384
  1.19142475  2.12810839]
[ 0.1300864   0.15499898  0.90302332  2.15426389  2.97166432  2.90048129
  1.22861186  2.11809524]
[ 0.12192084  0.15080859  0.88852151  2.15372217  2.96620897  2.89734383
  1.26416318  2.10209527]
[ 0.11945836  0.15219436  0.8851355   2.17250793  2.96370924  2.90269998
  1.27412157  2.10580599]
[ 0.11827586  0.1526097   0.86590053  2.18954398  2.96581085  2.90598651
  1.28332743  2.10269668]
[ 0.11857643  0.15231992  0.89965212  2.17102558  2.96135275  2.89952046
  1.27428377  2.10536509]
[ 0.11985462  0.1537734   0.92444861  2.14818491  2.9580524   2.89645925
  1.26066283  2.11487366]
[ 0.11583223  0.14675994  0.91186141  2.16854343  2.95490644  2.89855933
  1.27585047  2.08457802]
[ 0.11233516  0.13531502  0.90574075  2.16731019  2.95202632  2.89121265
  1.29246053  2.04385628]
[ 0.1109134   0.1394156   0.91493812  2.17358043  2.94876605  2.8928501
  1.28783981  2.05100094]
[ 0.10437907  0.14039304  0.89195437  2.13836569  2.94519561  2.88713433
  1.31654834  2.05916581]
[ 0.09656187  0.14179787  0.87711075  2.1538668   2.93834582  2.89235647
  1.34142358  2.06128885]
[ 0.09547668  0.14711329  0.86778314  2.14412471  2.93851466  2.89237967
  1.34529942  2.08025377]
[ 0.09547668  0.14711329  0.86778314  2.14412471  2.93851466  2.89237967
  1.34529942  2.08025377]
[ 0.09870125  0.14834076  0.87018211  2.14274423  2.94290572  2.89407244
  1.33510558  2.08531692]
[ 0.09460723  0.15395661  0.86385532  2.16024993  2.93873486  2.89996068
  1.35128903  2.10558827]
[ 0.08915081  0.14708471  0.79780332  2.17680118  2.93860638  2.90131815
  1.38469417  2.07686168]
[ 0.08442732  0.14198097  0.80335309  2.1474309   2.93233328  2.89273035
  1.39255344  2.05905649]
[ 0.0833908   0.13666646  0.78270514  2.13908005  2.93108694  2.8903933
  1.40070192  2.0399762 ]
[ 0.07095273  0.12757636  0.87367901  2.14796153  2.90833412  2.88918681
  1.4050414   2.0074773 ]
[ 0.0681734   0.13067396  0.86141701  2.1545249   2.90771306  2.89255522
  1.41314186  2.01716577]
[ 0.05499411  0.13500556  1.03681677  2.12892017  2.87969905  2.88900423
  1.41290925  2.03169081]
[ 0.05027975  0.12769761  1.01801767  2.12809137  2.87714803  2.88759976
  1.42769695  2.00751155]
[ 0.05433192  0.12687028  0.95333476  2.05817958  2.88697523  2.8746724
  1.42678546  2.00829803]
[ 0.05478208  0.12517932  0.95382755  2.08882035  2.88699677  2.87897369
  1.42853879  1.99976901]
[ 0.06241578  0.12298174  0.90620086  2.14597855  2.89957152  2.8903449
  1.41894828  1.98805619]
[ 0.06230775  0.12884981  0.91938918  2.16018318  2.9009789   2.89563748
  1.41705964  2.00684892]
[ 0.06280286  0.1300546   0.81728791  2.21175284  2.90874287  2.90777821
  1.43405191  2.00374526]
[ 0.06520444  0.13704774  0.73799687  2.28008377  2.9198939   2.92830313
  1.4458474   2.02028595]
[ 0.06520444  0.13704774  0.73799687  2.28008377  2.9198939   2.92830313
  1.4458474   2.02028595]
[ 0.07574249  0.14648302  0.73908059  2.30276877  2.93609797  2.93914151
  1.42674189  2.04964134]
[ 0.07933303  0.15117529  0.75483037  2.33501957  2.94286898  2.95072169
  1.41547871  2.06355767]
[ 0.07557547  0.15193141  0.79066296  2.32900216  2.9383043   2.95220872
  1.40910752  2.06553534]
[ 0.07327022  0.15509088  0.81399504  2.30494156  2.93801287  2.94792152
  1.408513    2.07810279]
[ 0.0623668   0.15254535  0.80882056  2.31854009  2.92626052  2.94998827
  1.43042223  2.06454005]
[ 0.05180261  0.14366903  0.94161914  2.27595916  2.90877819  2.9367701
  1.42997499  2.03723136]
[ 0.0446226   0.14096067  1.25569911  2.20768178  2.88569717  2.92191957
  1.41346081  2.02879407]
[ 0.05224001  0.13775967  1.4117722   2.12726514  2.8796122   2.90555317
  1.38229405  2.02081481]
[ 0.05262702  0.13543462  1.39954822  2.0614867   2.88043919  2.89256044
  1.37775269  2.01628515]
[ 0.04937031  0.13445824  1.64383158  1.99517562  2.86225167  2.87829837
  1.38064067  2.01229704]
[ 0.05055747  0.13939763  1.93041765  1.9698181   2.84135079  2.87377562
  1.38048482  2.0259539 ]
[ 0.05559209  0.14128904  1.88300326  1.96744366  2.84315922  2.87367818
  1.36560668  2.02770674]
[ 0.06044051  0.14064382  1.88446367  1.96151447  2.84184401  2.87268302
  1.35688337  2.02794647]
[ 0.06276569  0.1456202   1.81727992  1.91754567  2.84493292  2.85833059
  1.35041147  2.03589973]
[ 0.05314865  0.1466283   1.85124303  1.98473499  2.84448697  2.87437083
  1.37510301  2.04453864]
[ 0.05314865  0.1466283   1.85124303  1.98473499  2.84448697  2.87437083
  1.37510301  2.04453864]
[ 0.04809209  0.14267999  1.78023484  2.01175005  2.85196766  2.88125627
  1.38974569  2.03912066]
[ 0.05233755  0.14793938  1.65711007  2.03580094  2.85921266  2.88420363
  1.37859419  2.05427361]
[ 0.05389309  0.14324529  1.51962476  2.01572198  2.86880554  2.87762355
  1.37634736  2.04365968]
[ 0.04924619  0.14126386  1.54444531  1.99302247  2.86479759  2.87112186
  1.38759224  2.03817785]
[ 0.05233387  0.14144345  1.39309833  2.08935273  2.87686905  2.89118533
  1.38628062  2.04295286]
[ 0.05443906  0.13467607  1.27592477  2.09605417  2.88390911  2.88914912
  1.38663868  2.02293811]
[ 0.05820922  0.13370861  1.12173801  2.08725238  2.89805391  2.88388721
  1.39333356  2.02317108]
[ 0.06023356  0.13799333  1.05724708  2.18279799  2.901149    2.90502553
  1.39703599  2.03226417]
[ 0.07162747  0.14570473  0.94045523  2.23391927  2.91914397  2.91706339
  1.39153256  2.05642706]
[ 0.07756598  0.14979342  0.82473737  2.28928584  2.93168122  2.93009134
  1.40760891  2.0639435 ]
[ 0.08285718  0.15206507  0.80765657  2.31729721  2.93694701  2.93660783
  1.40312103  2.06582092]
[ 0.09579931  0.16285669  0.80214203  2.34713797  2.95118466  2.94892298
  1.37782819  2.0998247 ]
[ 0.09704617  0.17557941  0.77640714  2.3964296   2.95150107  2.96987412
  1.38690526  2.13516136]
[ 0.09704617  0.17557941  0.77640714  2.3964296   2.95150107  2.96987412
  1.38690526  2.13516136]
[ 0.11017457  0.17072986  0.77320665  2.40852875  2.9670219   2.97277434
  1.36129737  2.11307822]
[ 0.11181459  0.17586374  0.72284998  2.41633648  2.97165388  2.98050732
  1.387053    2.14389782]
[ 0.12161902  0.17188457  0.72044726  2.3715317   2.98253086  2.9652087
  1.3765175   2.14336605]
[ 0.12205951  0.17119385  0.71034947  2.35219499  2.98171511  2.96070758
  1.3896335   2.14650737]
[ 0.13379273  0.16629715  0.70680224  2.30419734  2.99409673  2.94382346
  1.35946174  2.13421579]
[ 0.13818063  0.18065465  0.67057457  2.28868195  3.00190255  2.94781458
  1.37245933  2.20578824]
[ 0.1428191   0.19159706  0.6373026   2.2637654   3.00893878  2.94740765
  1.40403044  2.26096705]
[ 0.15096324  0.19231615  0.65018363  2.23569101  3.01929582  2.93484068
  1.36637287  2.26628319]
[ 0.12671584  0.18896937  0.65424066  2.24656936  2.98552547  2.93752733
  1.4183638   2.24891814]
[ 0.13551277  0.19071149  0.70709467  2.19719722  2.99209223  2.92324109
  1.36290272  2.26779643]
[ 0.13245681  0.20111811  0.72456779  2.16810484  2.98712059  2.91671017
  1.35761776  2.31319241]
[ 0.13092476  0.20361558  0.72536718  2.16608564  2.98578356  2.91693616
  1.35825605  2.32333702]
[ 0.11998432  0.21444263  0.75246208  2.1392759   2.96880268  2.90950792
  1.3636877   2.36414493]
[ 0.11850393  0.22218337  0.79928919  2.13366335  2.96163652  2.90538939
  1.34157278  2.39126544]
[ 0.11850393  0.22218337  0.79928919  2.13366335  2.96163652  2.90538939
  1.34157278  2.39126544]
[ 0.11966024  0.21963737  0.79470834  2.12607586  2.96158357  2.90052193
  1.34221205  2.38254787]
[ 0.1404941   0.22762361  0.85232109  2.11442412  2.9760689   2.89538253
  1.24419978  2.40873004]
[ 0.15444451  0.22741505  0.85986846  2.12709871  2.98917843  2.90159782
  1.18712095  2.41152272]
[ 0.16764508  0.22943995  0.8640182   2.16072639  3.00065693  2.91508752
  1.1205885   2.41955465]
[ 0.17181299  0.23132855  0.87624853  2.17484948  3.00186521  2.92049443
  1.0927688   2.42529433]
[ 0.16984632  0.23579853  0.86470008  2.17157797  3.00346247  2.91978318
  1.11132845  2.43812132]
[ 0.17721425  0.23477757  0.85608913  2.14542631  3.01204313  2.91098589
  1.08158181  2.43596032]
[ 0.17972465  0.22918721  0.84755411  2.13527881  3.01663481  2.90724175
  1.07253787  2.42188041]
[ 0.17995366  0.22910592  0.82775968  2.12656214  3.02177961  2.90300533
  1.09168405  2.41975575]
[ 0.15164986  0.23061305  0.8240942   2.11058605  2.99316893  2.89865885
  1.23428083  2.42381733]
[ 0.16554999  0.22517449  0.83728492  2.12727188  3.0055944   2.90499614
  1.16530288  2.40576511]
[ 0.14761876  0.21288617  0.77942114  2.11873004  2.99553016  2.90105371
  1.28832992  2.36037879]
[ 0.16574353  0.21521099  0.81046694  2.12550299  3.01043011  2.90632647
  1.19494719  2.37327626]
[ 0.16574353  0.21521099  0.81046694  2.12550299  3.01043011  2.90632647
  1.19494719  2.37327626]
[ 0.17236355  0.2163315   0.8198374   2.09127214  3.01429302  2.8959946
  1.15230193  2.37953833]
[ 0.17213129  0.21789962  0.83028652  2.1032914   3.01059424  2.90107032
  1.14308194  2.38249546]
[ 0.16654291  0.21787817  0.79601202  2.1126342   3.01015781  2.90452147
  1.19685426  2.38556371]
[ 0.17122493  0.22415216  0.80208665  2.08772588  3.01670706  2.89846741
  1.17729634  2.41088241]
[ 0.18289218  0.22148331  0.81779978  2.09462377  3.02550589  2.90163795
  1.09013303  2.40340737]
[ 0.17677099  0.21423505  0.76308017  2.10320563  3.03418032  2.90693987
  1.18743861  2.38112833]
[ 0.17242325  0.22226239  0.74686104  2.14123597  3.03440717  2.92043411
  1.23161141  2.40864672]
[ 0.15858966  0.2214962   0.69244177  2.15732744  3.0255885   2.921751
  1.34795133  2.3976905 ]
[ 0.15174403  0.21255544  0.6932359   2.16321368  3.01806811  2.92051375
  1.34599572  2.36241053]
[ 0.14719792  0.20390307  0.69040386  2.18075863  3.0146702   2.92577275
  1.34937317  2.32799855]
[ 0.14541218  0.2025401   0.65528167  2.21952894  3.01702837  2.93867479
  1.3906444   2.31960671]
[ 0.15142096  0.19440199  0.72161072  2.221081    3.0172521   2.93930522
  1.30893549  2.28921476]
[ 0.15089354  0.19536008  0.76599849  2.25254953  3.01060192  2.95020821
  1.26317617  2.28806182]
[ 0.1511906   0.19028515  0.73495615  2.25487605  3.01717465  2.94736701
  1.28445957  2.26440574]
[ 0.1432796   0.1992846   0.724144    2.26530694  3.00948412  2.95308768
  1.31417367  2.29990596]
[ 0.1432796   0.1992846   0.724144    2.26530694  3.00948412  2.95308768
  1.31417367  2.29990596]
[ 0.14368699  0.19073365  0.72438897  2.29156027  3.01102921  2.958725
  1.30161729  2.25668272]
[ 0.1480551   0.19351334  0.69234982  2.30866799  3.02042051  2.96390554
  1.31293362  2.25686976]
[ 0.14181499  0.18639788  0.69922361  2.31685043  3.01252985  2.96417748
  1.32047175  2.21987506]
[ 0.14120415  0.18101314  0.67251687  2.33478421  3.01781899  2.96674161
  1.33751227  2.19185594]
[ 0.14335138  0.18051049  0.67730086  2.34396092  3.02237128  2.96858236
  1.3196844   2.18625414]
[ 0.14059155  0.17841665  0.65136579  2.35637707  3.0240673   2.97141414
  1.35093144  2.17258604]
[ 0.13574317  0.178713    0.68837873  2.33729195  3.01747101  2.96966341
  1.337197    2.17981258]
[ 0.12240772  0.16193461  0.59586195  2.35162154  3.00688955  2.96621538
  1.42660133  2.10714057]
[ 0.12140043  0.14972545  0.6936152   2.34743808  2.99934136  2.96136699
  1.34658197  2.05763043]
[ 0.10620072  0.15509519  0.73120499  2.35269731  2.9771331   2.96943697
  1.36208171  2.07583527]
[ 0.09760883  0.14355405  0.73067926  2.31007977  2.96949357  2.9547621
  1.37602186  2.04173806]
[ 0.0891674   0.14137532  0.85765555  2.27821561  2.94921098  2.94784201
  1.34902681  2.03798949]
[ 0.08552976  0.14005064  1.01541369  2.2171547   2.93131615  2.93631515
  1.31716643  2.03973844]
[ 0.07914352  0.12882212  1.12550986  2.23991991  2.91716427  2.9374063
  1.31857942  1.99953308]
[ 0.07192722  0.12462985  1.27058308  2.14175641  2.89879559  2.91595736
  1.32658612  1.99392487]
[ 0.07192722  0.12462985  1.27058308  2.14175641  2.89879559  2.91595736
  1.32658612  1.99392487]
[ 0.07320282  0.13858236  1.47910427  2.03913734  2.87767826  2.89809213
  1.31156578  2.03690475]
[ 0.07721607  0.14570248  1.64104103  2.01547378  2.86098499  2.89319868
  1.30103147  2.05460262]
[ 0.08036711  0.13991295  1.70782334  1.96354618  2.85524271  2.88285728
  1.29450837  2.03819155]
[ 0.08443865  0.13821129  1.7725242   1.96171668  2.84908903  2.8842898
  1.28825684  2.03459682]
[ 0.09976622  0.13245908  1.67041772  1.979954    2.85873057  2.88927893
  1.24969488  2.0208708 ]
[ 0.10080786  0.13161997  1.7366964   1.91315395  2.84894176  2.87484021
  1.25333178  2.01741617]
[ 0.09859429  0.13422738  1.84417315  1.88497222  2.83558016  2.86819463
  1.26453387  2.02302578]
[ 0.10309807  0.13568838  1.86038101  1.85536928  2.83061332  2.86214534
  1.25692005  2.02477081]
[ 0.10113405  0.14076055  1.92121547  1.8022165   2.82294535  2.84832646
  1.26583523  2.03264567]
[ 0.10448427  0.13905271  2.04762844  1.82995813  2.80340065  2.85404249
  1.27641812  2.03131065]
[ 0.10354639  0.14129288  2.08774156  1.82076701  2.7985628   2.84903795
  1.28548018  2.03558179]
[ 0.10670036  0.15003568  2.0540443   1.83179957  2.80037337  2.84730178
  1.27535542  2.05624417]
[ 0.10624569  0.15186163  2.10432546  1.8602915   2.7934032   2.85296344
  1.2815847   2.06485715]
[ 0.10545766  0.15161872  2.00551751  1.92381511  2.80861533  2.86755729
  1.27157402  2.07170874]
[ 0.10545766  0.15161872  2.00551751  1.92381511  2.80861533  2.86755729
  1.27157402  2.07170874]
[ 0.10552582  0.1506095   2.04066797  1.91469891  2.80169489  2.86634374
  1.27571268  2.06658618]
[ 0.1011863   0.14646098  2.09534759  1.90447612  2.7973376   2.86506964
  1.28912828  2.05902088]
[ 0.10340233  0.14635626  2.02417175  1.87575213  2.80345326  2.85891928
  1.27536029  2.0581339 ]
[ 0.10279522  0.13889284  2.02500482  1.88878393  2.80404785  2.86417237
  1.27999372  2.03864447]
[ 0.10117718  0.13637335  1.98012733  1.8044591   2.80853872  2.84732998
  1.27984495  2.02357537]
[ 0.09857032  0.12950765  2.01480048  1.76862462  2.80373176  2.84139516
  1.28979866  2.00477813]
[ 0.09264988  0.13300623  1.97001875  1.77297136  2.81333593  2.84124703
  1.29520273  2.01344558]
[ 0.09309183  0.13141811  1.93865068  1.81966964  2.81686369  2.85050517
  1.29211571  2.01295349]
[ 0.09348651  0.13071407  1.91223188  1.81495399  2.81915155  2.84962904
  1.28949049  2.01003576]
[ 0.08783128  0.1293653   1.9170628   1.83461214  2.82201012  2.8544636
  1.30009775  2.00803881]
[ 0.08967953  0.13465873  1.8815791   1.80050297  2.82584623  2.84685332
  1.28919491  2.01696192]
[ 0.09906886  0.139541    1.93917656  1.82762706  2.81023754  2.85069488
  1.27751252  2.02867914]
[ 0.09352275  0.13595021  1.94223548  1.85411615  2.81381764  2.85733427
  1.28733994  2.02415354]
[ 0.08771323  0.13025285  1.96145025  1.84532255  2.81518868  2.85538284
  1.29901158  2.01221036]
[ 0.09144533  0.12926762  1.9142936   1.95092916  2.82003779  2.87967856
  1.29275711  2.01197714]
[ 0.09144533  0.12297866  1.9142936   1.87938484  2.81869678  2.86277156
  1.2868001   2.0001193 ]
[ 0.08799137  0.11816604  1.85642903  1.91630906  2.82828341  2.86766083
  1.2896956   1.99049512]
[ 0.08579852  0.11658874  1.78493186  1.93230677  2.83711686  2.87026376
  1.29219732  1.98779552]
[ 0.07360723  0.11992119  1.71995877  2.0897374   2.84771085  2.89824005
  1.32124873  1.99419955]
[ 0.06602407  0.12621717  1.54551305  2.16463406  2.86640093  2.91268445
  1.3409796   2.00804648]
[ 0.06349745  0.12674529  1.37794698  2.25559193  2.87997292  2.92836298
  1.35634136  1.99909693]
[ 0.05849838  0.12679995  1.22676277  2.33381738  2.88958885  2.9419582
  1.38359627  1.9846594 ]
[ 0.06262896  0.12859243  0.94258039  2.42062125  2.91279172  2.95731205
  1.41430201  1.96548628]
[ 0.07108284  0.1344011   0.71374034  2.42753237  2.93411978  2.96390307
  1.45322323  1.98385523]
[ 0.07876659  0.13809563  0.60525075  2.42799391  2.94617171  2.96481697
  1.48296457  1.9958878 ]
[ 0.08763409  0.13900312  0.56603423  2.48170046  2.95787866  2.9747437
  1.494301    1.97172809]
[ 0.09295357  0.14721843  0.65604698  2.49923779  2.96165346  2.98756381
  1.44988374  1.9904525 ]
[ 0.1000303   0.14559892  0.64111296  2.51394033  2.97194688  2.98856617
  1.45231892  1.97523355]
[ 0.10150265  0.14938789  0.59091126  2.52828349  2.97710008  2.99496134
  1.47382962  1.98110737]
[ 0.09975613  0.15031827  0.63923275  2.53272139  2.97199916  2.9976775
  1.44929459  1.98044401]
[ 0.09975613  0.15031827  0.63923275  2.53272139  2.97199916  2.9976775
  1.44929459  1.98044401]
[ 0.09447465  0.15253576  0.66284554  2.53741179  2.96306092  3.00072095
  1.44438205  1.98465658]
[ 0.08638748  0.14770826  0.6474984   2.53087309  2.95246144  2.99318653
  1.46543804  1.97384001]
[ 0.08034418  0.1472541   0.58864291  2.53583823  2.94786348  2.99204239
  1.49235713  1.97115482]
[ 0.07727361  0.14599266  0.63302294  2.50976049  2.9423519   2.98675007
  1.47566037  1.98151151]
[ 0.08095778  0.14671957  0.63934804  2.49909539  2.94712412  2.98597843
  1.46543772  1.98850231]
[ 0.0748532   0.14708357  0.63720363  2.50226394  2.93823272  2.98786886
  1.47065516  1.98567363]
[ 0.07715218  0.14624805  0.68429003  2.42098007  2.93861867  2.97182008
  1.45499186  2.02162614]
[ 0.08441702  0.14809099  0.65124755  2.44376476  2.95049733  2.9780478
  1.45740061  2.01779455]
[ 0.08656235  0.14457574  0.650287    2.43090148  2.95216677  2.9745461
  1.45201404  2.00832294]
[ 0.09330434  0.14287257  0.60840671  2.45148043  2.96318791  2.97693796
  1.46022115  1.98943494]
[ 0.09103381  0.1455028   0.6325544   2.44826303  2.9588949   2.9784268
  1.45118081  2.00050041]
[ 0.09303717  0.14282199  0.59206768  2.45301097  2.96440285  2.97587178
  1.46865073  1.98732664]
[ 0.09228347  0.14147234  0.56808633  2.46747091  2.9650535   2.97732097
  1.48272148  1.97602834]
[ 0.08879665  0.14304464  0.60561691  2.47563042  2.95802999  2.97961421
  1.47056614  1.97937734]
[ 0.08879665  0.14304464  0.60561691  2.47563042  2.95802999  2.97961421
  1.47056614  1.97937734]
[ 0.08976058  0.14271985  0.59434266  2.44098005  2.95990275  2.97290839
  1.47509249  1.99520813]
[ 0.08969847  0.14120844  0.59122879  2.40405312  2.95983404  2.9657225
  1.47532014  2.00561079]
[ 0.08717977  0.14931331  0.59148547  2.41027466  2.95522969  2.97497235
  1.47662658  2.03487201]
[ 0.08962903  0.15144207  0.61405415  2.4130878   2.95842789  2.97804742
  1.46230605  2.04249904]
[ 0.0911968   0.15091319  0.62574178  2.42007272  2.96155986  2.97956717
  1.45395212  2.03838796]
[ 0.09517279  0.15425698  0.68375651  2.42680991  2.9652751   2.98435485
  1.42312936  2.0501887 ]
[ 0.09428869  0.15456059  0.74643035  2.42205182  2.95885197  2.9828134
  1.39895396  2.05326297]
[ 0.09434787  0.14846831  0.73640146  2.42118512  2.96036865  2.97711406
  1.40083356  2.02869489]
[ 0.08883727  0.1532408   0.79119734  2.41578391  2.94866089  2.97988878
  1.39268526  2.04989739]
[ 0.09313351  0.15764874  0.79904173  2.40893636  2.95318433  2.98123647
  1.37791034  2.06925187]
[ 0.10052962  0.15425884  0.79215299  2.3782209   2.96248474  2.97113356
  1.36146098  2.06573523]
[ 0.09871412  0.15332757  0.7236373   2.36524672  2.965275    2.96933544
  1.39394851  2.06518251]
[ 0.0986507   0.15133526  0.71452666  2.37213316  2.96500894  2.96934898
  1.39785711  2.05529517]
[ 0.0986507   0.15133526  0.71452666  2.37213316  2.96500894  2.96934898
  1.39785711  2.05529517]
[ 0.09603451  0.15198426  0.65662849  2.37517879  2.96319778  2.9694684
  1.42492442  2.05477101]
[ 0.08855076  0.15107651  0.69468599  2.38416025  2.94916972  2.97088091
  1.41960983  2.04685675]
[ 0.08451262  0.14682302  0.61699037  2.40869125  2.94677285  2.97197007
  1.45364304  2.02035272]
[ 0.08226456  0.14774757  0.60334564  2.39794364  2.94330044  2.96882389
  1.46215428  2.02876068]
[ 0.08361209  0.14848146  0.6060228   2.39067342  2.94499085  2.96588931
  1.4602363   2.03369417]
[ 0.08716323  0.14957623  0.57110896  2.42471648  2.9523592   2.97363429
  1.47050932  2.03024706]
[ 0.08671687  0.14804261  0.59756042  2.43872705  2.95048516  2.97497705
  1.46074282  2.02021149]
[ 0.08442997  0.15058309  0.60021694  2.43991232  2.94827417  2.9783071
  1.46132624  2.03051162]
[ 0.08366112  0.15673148  0.67769505  2.40456371  2.94379608  2.976036
  1.43269021  2.06735814]
[ 0.08406014  0.1502119   0.65677985  2.39850189  2.94507347  2.970144
  1.43900783  2.04105328]
[ 0.0864782   0.14844596  0.69910266  2.37856012  2.94615308  2.9651213
  1.41758426  2.03820674]
[ 0.08555122  0.15152438  0.6610166   2.40323063  2.94651431  2.97175434
  1.43436969  2.04190363]
[ 0.09009941  0.15599831  0.55430744  2.45128812  2.96056675  2.98625034
  1.47129156  2.04441302]
[ 0.09878869  0.15868988  0.49607634  2.47242551  2.9766528   2.99432109
  1.49547043  2.05035514]
[ 0.09878869  0.15868988  0.49607634  2.47242551  2.9766528   2.99432109
  1.49547043  2.05035514]
[ 0.10818465  0.16280503  0.4336677   2.52840637  2.99488988  3.01194984
  1.52686283  2.04291553]
[ 0.12032939  0.16431125  0.50346978  2.55435983  3.01495201  3.0219849
  1.47349901  2.03465875]
[ 0.11999017  0.17954302  0.56702241  2.54833257  3.01491326  3.03619374
  1.42119769  2.11742468]
[ 0.12697785  0.17564095  0.64927096  2.50914394  3.02065141  3.02407469
  1.34483065  2.11611655]
[ 0.1228303   0.17463061  0.65946361  2.49970201  3.01728126  3.02164466
  1.34002395  2.11470518]
[ 0.11980253  0.18434112  0.66632958  2.48629307  3.01445118  3.0236457
  1.3421902   2.14911304]
[ 0.10849719  0.17620781  0.73189449  2.44634781  2.99604125  3.01042223
  1.33955468  2.12403948]
[ 0.11168304  0.17736686  0.83111419  2.42138549  2.991576    3.00429464
  1.29104631  2.12497274]
[ 0.1090051   0.18794284  0.9515314   2.39356931  2.97430834  2.99918512
  1.26659358  2.1416296 ]
[ 0.10911975  0.18314538  1.07380631  2.40875241  2.95651227  3.00170196
  1.24915381  2.12377566]
[ 0.10590895  0.16989083  1.16878441  2.41021537  2.94126715  3.00170023
  1.25064258  2.08914473]
[ 0.1071821   0.16493015  1.24156596  2.42313837  2.93134627  3.00540672
  1.24477413  2.07241352]
[ 0.10247983  0.15894018  1.29407219  2.42912195  2.92391146  3.00467673
  1.25648025  2.05379077]
[ 0.10399347  0.14617195  1.37902005  2.41424087  2.91126535  2.99586196
  1.25280985  2.01626288]
[ 0.10545641  0.14681028  1.38788624  2.37124074  2.91046792  2.98727017
  1.25024812  2.02207451]
[ 0.10545641  0.14681028  1.38788624  2.37124074  2.91046792  2.98727017
  1.25024812  2.02207451]
[ 0.11242871  0.13380179  1.40096789  2.33352772  2.90834483  2.97324657
  1.23719786  1.98930766]
[ 0.1116884   0.13526315  1.35022822  2.33776149  2.91793457  2.97433281
  1.23798781  1.99267971]
[ 0.1090193   0.13847937  1.3816319   2.34768621  2.91374429  2.97809639
  1.24403818  2.00223393]
[ 0.11784489  0.13479484  1.40174284  2.35754646  2.90798727  2.97722741
  1.22810282  1.99026699]
[ 0.123706    0.13145465  1.35640299  2.31817115  2.91622198  2.96681339
  1.21397409  1.9858689 ]
[ 0.12099356  0.12889065  1.34015064  2.34399437  2.92037103  2.96986531
  1.21975845  1.97534751]
[ 0.11908767  0.13431531  1.31888027  2.31771667  2.92540611  2.96697917
  1.22250687  1.99493464]
[ 0.12068351  0.13570397  1.3735088   2.34793222  2.91427455  2.97307233
  1.22141865  1.99633448]
[ 0.12447402  0.13326222  1.4326404   2.37123866  2.90223809  2.97648706
  1.21824795  1.98740691]
[ 0.11745843  0.13712781  1.42908465  2.38587319  2.9040304   2.98109965
  1.23073608  1.99775451]
[ 0.11548949  0.1414387   1.34464721  2.39746361  2.91993617  2.98635348
  1.23175754  2.00838043]
[ 0.1187357   0.148802    1.36775377  2.41262646  2.91413835  2.99335318
  1.22486733  2.02968175]
[ 0.1132441   0.14636444  1.39250344  2.40532378  2.90986556  2.98933226
  1.23640956  2.02285121]
[ 0.11453787  0.14522332  1.48739813  2.34928651  2.89204407  2.97559175
  1.23694434  2.0269566 ]
[ 0.11453787  0.14522332  1.48739813  2.34928651  2.89204407  2.97559175
  1.23694434  2.0269566 ]
[ 0.10801733  0.141851    1.52817969  2.31241613  2.8860891   2.96514248
  1.24866383  2.0211963 ]
[ 0.10415379  0.15159787  1.51881084  2.27556378  2.88809857  2.95784554
  1.2536753   2.05438466]
[ 0.10370335  0.15443159  1.55650819  2.21565873  2.88028405  2.94207107
  1.25394194  2.06740979]
[ 0.09862353  0.15898893  1.5184441   2.18752094  2.88665709  2.93494438
  1.25836786  2.08788285]
[ 0.0978525   0.1563523   1.42588629  2.20659411  2.89957499  2.93734086
  1.25831292  2.08777484]
[ 0.08885785  0.15595966  1.46035685  2.20283656  2.89055442  2.93551114
  1.27759917  2.09280673]
[ 0.0827724   0.1543488   1.43144719  2.22410803  2.8909249   2.93918816
  1.29366346  2.09455499]
[ 0.07452552  0.13532159  1.42461287  2.15490672  2.88510279  2.91461621
  1.31639915  2.0421941 ]
[ 0.06226622  0.12096223  1.34725755  2.08644106  2.88465132  2.8924168
  1.35627588  2.00298918]
[ 0.05501795  0.11708726  1.34820413  2.02984648  2.87587359  2.87534389
  1.37847644  1.99725484]
[ 0.05590048  0.12428635  1.40446462  1.92956521  2.86901428  2.85380895
  1.37084482  2.0290485 ]
[ 0.05775647  0.1190199   1.32872222  1.82860958  2.87218281  2.83040139
  1.369909    2.01512823]
[ 0.05929708  0.12222812  1.28656498  1.76199578  2.87392299  2.81316065
  1.36701073  2.02559909]
[ 0.06756872  0.12888637  1.18082421  1.7461602   2.88829383  2.80604517
  1.35413575  2.0460239 ]
[ 0.06756872  0.12888637  1.18082421  1.7461602   2.88829383  2.80604517
  1.35413575  2.0460239 ]
[ 0.0707153   0.13662851  1.17801658  1.76077328  2.88878943  2.80582032
  1.34477103  2.07191097]
[ 0.08316601  0.14154321  1.25318344  1.80994627  2.88947797  2.81428363
  1.29653099  2.09234074]
[ 0.07680421  0.15493288  1.14858952  1.85043853  2.89498308  2.81926578
  1.33480465  2.13669515]
[ 0.08666279  0.15259003  1.12761765  1.8574833   2.90546495  2.82191101
  1.30936703  2.1348152 ]
[ 0.09220604  0.15346414  1.08089508  1.87758283  2.91513096  2.8271609
  1.30268559  2.13918201]
[ 0.08579809  0.16027835  1.05565785  1.93069989  2.91147392  2.84176076
  1.32794247  2.16365082]
[ 0.0920604   0.15264848  0.99727749  1.93540695  2.92302217  2.8455271
  1.32632841  2.14036946]
[ 0.09281879  0.15736972  0.93700293  1.96098143  2.93078834  2.85298008
  1.34104115  2.15376255]
[ 0.09202721  0.15560398  0.89159771  1.96382068  2.93304573  2.85300409
  1.35959365  2.14635867]
[ 0.08934074  0.15592301  0.85569208  1.95651679  2.93356907  2.85076011
  1.37864186  2.14729119]
[ 0.09193911  0.15527682  0.91441614  1.93629647  2.9314856   2.84638874
  1.35092883  2.14411741]
[ 0.08924957  0.15950221  0.90184464  1.96003146  2.93001158  2.85284005
  1.36191753  2.15705528]
[ 0.08820072  0.15695098  0.93279785  1.956228    2.92627044  2.85207409
  1.35563686  2.14891894]
[ 0.0868546   0.1548319   0.98998143  1.99584753  2.91956321  2.86244639
  1.34219174  2.14164783]
[ 0.09082818  0.15718042  1.06662459  1.99784022  2.91617438  2.86459013
  1.31065629  2.1489444 ]
[ 0.09082818  0.15718042  1.06662459  1.99784022  2.91617438  2.86459013
  1.31065629  2.1489444 ]
[ 0.08381138  0.15567267  1.10294059  1.98791827  2.90541916  2.86006435
  1.32723279  2.14320443]
[ 0.07831995  0.15076301  1.11455465  1.98192686  2.8991816   2.85791573
  1.33935961  2.12265625]
[ 0.07869605  0.14911747  1.15643968  1.95924789  2.89479006  2.85294906
  1.3310567   2.11811995]
[ 0.07302614  0.1410258   1.16977782  1.90215217  2.88913266  2.83837983
  1.34795467  2.09329347]
[ 0.07157527  0.13429756  1.17028401  1.85527926  2.88837892  2.8266566
  1.35597273  2.07376221]
[ 0.06972973  0.13569954  1.1802909   1.83778633  2.88587546  2.82215475
  1.36132469  2.07821672]
[ 0.07047457  0.13354287  1.14885441  1.83907354  2.88956647  2.82428273
  1.36445819  2.07337928]
[ 0.07210679  0.13520808  1.1287241   1.87156325  2.89218511  2.83175836
  1.36379147  2.07919689]
[ 0.0671174   0.13388559  1.14205059  1.86622798  2.88844099  2.83090436
  1.37579874  2.07478621]
[ 0.06852017  0.13500469  1.14729963  1.88519541  2.88986815  2.8341941
  1.37204284  2.0795313 ]
[ 0.06711812  0.13895961  1.18833921  1.89770823  2.88495977  2.83662449
  1.37083776  2.09308295]
[ 0.06908569  0.13829336  1.22910153  1.90646857  2.88372142  2.8392087
  1.35816933  2.09117714]
[ 0.07050739  0.13921206  1.23726844  1.87889939  2.88407155  2.83355173
  1.35158117  2.09179867]
[ 0.07050739  0.13921206  1.23726844  1.87889939  2.88407155  2.83355173
  1.35158117  2.09179867]
[ 0.06797287  0.13442729  1.22463167  1.87331391  2.88285618  2.83132979
  1.36131805  2.07709461]
[ 0.07704616  0.13315679  1.2418177   1.8363836   2.88698976  2.82385325
  1.33161956  2.0732599 ]
[ 0.07022675  0.13284148  1.25260952  1.86104062  2.88131647  2.82922038
  1.35132822  2.07328269]
[ 0.07591294  0.12969537  1.23302428  1.84254943  2.88738192  2.82558868
  1.3361105   2.06302238]
[ 0.07217396  0.13306724  1.2423071   1.86587712  2.8842479   2.83040806
  1.34400993  2.07288938]
[ 0.07416941  0.13735715  1.23518378  1.85183425  2.88542687  2.82747941
  1.33679873  2.08435807]
[ 0.07142946  0.13836244  1.24661787  1.84907525  2.88136239  2.82733949
  1.34187753  2.08581346]
[ 0.07128751  0.13640269  1.19569072  1.8328893   2.88401932  2.82548276
  1.34812205  2.07493746]
[ 0.07075644  0.13626711  1.16645632  1.83138891  2.88592523  2.82625712
  1.35199431  2.07386343]
[ 0.06908351  0.13343952  1.1941532   1.83885855  2.88220835  2.82891084
  1.35381371  2.06786506]
[ 0.07815478  0.13172311  1.17709249  1.84853628  2.89298988  2.83131609
  1.32797508  2.06378579]
[ 0.07938606  0.13722736  1.14894601  1.88031213  2.89730047  2.83698075
  1.32965843  2.08098161]
[ 0.08696421  0.13520186  1.16627202  1.89228459  2.90233724  2.84029003
  1.30527832  2.07734322]
[ 0.08536766  0.13797666  1.10906283  1.90917175  2.90661851  2.84285645
  1.32388613  2.08689518]
[ 0.08536766  0.13797666  1.10906283  1.90917175  2.90661851  2.84285645
  1.32388613  2.08689518]
[ 0.08074492  0.14236104  1.10036109  1.9183459   2.90498601  2.84608229
  1.3390506   2.10087483]
[ 0.07730857  0.13833597  1.09776563  1.98107338  2.90365564  2.86073623
  1.34996571  2.08772703]
[ 0.07472521  0.14664583  1.07586875  2.05775531  2.90421671  2.88207892
  1.36125877  2.11077348]
[ 0.0738533   0.14432394  1.04984015  2.03369603  2.90429593  2.87977035
  1.36880564  2.10425053]
[ 0.07437696  0.1452599   1.01097262  2.08553739  2.90969295  2.89388672
  1.37399854  2.10289717]
[ 0.07510582  0.144261    0.94989947  2.1147439   2.91872383  2.90298844
  1.38430569  2.09567685]
[ 0.06932166  0.14808336  0.89818536  2.17820315  2.916614    2.92009709
  1.40882148  2.09986914]
[ 0.07645812  0.15173003  0.79281052  2.22695267  2.93478622  2.93465895
  1.42123376  2.10579583]
[ 0.0832784   0.1582601   0.75483889  2.25405999  2.94853328  2.94553782
  1.42114796  2.12335278]
[ 0.08304866  0.17355422  0.73215372  2.3061209   2.95251726  2.96609944
  1.42524452  2.1649901 ]
[ 0.09535013  0.19004279  0.67140255  2.3266125   2.97660978  2.97597674
  1.43327898  2.20676186]
[ 0.09941748  0.19130705  0.79655335  2.33420927  2.97642503  2.97842337
  1.36939562  2.20279931]
[ 0.10798955  0.19669561  0.85512458  2.33588647  2.98370615  2.97906143
  1.32082005  2.20589692]
[ 0.11352701  0.18778063  0.94125895  2.29831223  2.98008135  2.96777006
  1.26990525  2.18086132]
[ 0.11428433  0.19334834  1.01245159  2.27126144  2.97174803  2.95942415
  1.24559433  2.18179383]
[ 0.11428433  0.19334834  1.01245159  2.27126144  2.97174803  2.95942415
  1.24559433  2.18179383]
[ 0.11693824  0.19784585  1.10311591  2.28066137  2.95966716  2.96161873
  1.2185468   2.18007935]
[ 0.10846101  0.19224424  1.16303041  2.30915281  2.94665642  2.97017389
  1.2362237   2.16566615]
[ 0.10655224  0.18482726  1.25727985  2.24793501  2.93023304  2.95365979
  1.23134512  2.14624874]
[ 0.11046055  0.17862502  1.31398875  2.13806285  2.92038289  2.92326724
  1.21450532  2.12634912]
[ 0.10681098  0.16397778  1.32439046  2.02104895  2.91628429  2.89467093
  1.22379923  2.09045608]
[ 0.10582258  0.15920019  1.31681427  1.94800785  2.91639325  2.87637382
  1.22630476  2.07369223]
[ 0.10654791  0.15545746  1.27966548  1.92566932  2.9216463   2.87326297
  1.22422903  2.06451616]
[ 0.10802915  0.1518255   1.25450721  1.86783129  2.92534303  2.85983763
  1.22067023  2.05337208]
[ 0.11184144  0.14940928  1.24733403  1.86414519  2.92674376  2.86032614
  1.21012452  2.05153308]
[ 0.11114508  0.14831929  1.25105072  1.84195211  2.92592315  2.85402917
  1.21456898  2.04566199]
[ 0.11147757  0.14238011  1.22104188  1.82092687  2.92774233  2.85232213
  1.21704845  2.0296388 ]
[ 0.10009651  0.15060324  1.18581593  1.84827647  2.92807899  2.85472485
  1.25355901  2.04444964]
[ 0.09504261  0.14884265  1.21975242  1.90832326  2.92028669  2.86986012
  1.26471139  2.04459443]
[ 0.09504261  0.14884265  1.21975242  1.90832326  2.92028669  2.86986012
  1.26471139  2.04459443]
[ 0.09422522  0.14318205  1.22062617  1.89613144  2.91929465  2.86853494
  1.26698385  2.03295647]
[ 0.09156405  0.13562593  1.33308015  1.87144132  2.90238719  2.86391344
  1.26647124  2.01548031]
[ 0.09139768  0.13621545  1.35883067  1.86720215  2.89876374  2.86210995
  1.26523274  2.01574102]
[ 0.09091498  0.13719087  1.38962006  1.94828944  2.89468619  2.87877027
  1.26602782  2.02635086]
[ 0.09135544  0.13930113  1.46190433  1.97601423  2.88481309  2.88521131
  1.25825893  2.03483758]
[ 0.08571282  0.1385228   1.50766025  2.02748478  2.88069723  2.89605497
  1.27371109  2.03101457]
[ 0.08494132  0.13759605  1.54722685  2.03313478  2.87511068  2.89595612
  1.2777546   2.02650585]
[ 0.08410666  0.13140321  1.56505241  1.97205456  2.87237738  2.88193289
  1.28127646  2.00856817]
[ 0.08747662  0.12270845  1.54168054  2.00515508  2.8735181   2.88864276
  1.27247128  1.98774846]
[ 0.08585881  0.11800147  1.49701836  2.04595786  2.87901189  2.89648902
  1.27565331  1.97625661]
[ 0.08199323  0.11884427  1.56936589  2.0259308   2.86914865  2.89258503
  1.28337096  1.98206623]
[ 0.08462375  0.12209636  1.5319865   2.03960024  2.87438406  2.89704262
  1.2711488   1.99092352]
[ 0.07992668  0.12666135  1.53753141  2.03727838  2.87347972  2.89576002
  1.28383043  2.00039983]
[ 0.07992668  0.12666135  1.53753141  2.03727838  2.87347972  2.89576002
  1.28383043  2.00039983]
[ 0.08264312  0.12195559  1.57330684  1.98769162  2.86693504  2.88649249
  1.27557715  1.98785767]
[ 0.0843825   0.11998384  1.52386114  1.93621815  2.87262468  2.87696173
  1.26822371  1.98273875]
[ 0.07993172  0.11871738  1.55960863  1.95421506  2.86797533  2.87847113
  1.2818653   1.98084106]
[ 0.08431718  0.12608179  1.54885453  1.97678934  2.86932435  2.88167215
  1.2703992   2.00381109]
[ 0.08465262  0.12279126  1.55950654  1.94661639  2.86741036  2.87448827
  1.27092208  1.99744574]
[ 0.09035153  0.11977194  1.48773359  1.91257567  2.87682672  2.86729935
  1.25777438  1.99102744]
[ 0.08848155  0.12250463  1.39861606  1.87696729  2.88846375  2.85884071
  1.26510729  1.99639759]
[ 0.08782795  0.12475573  1.44593613  1.89391569  2.88224274  2.8615451
  1.26469406  2.00631192]
[ 0.09179853  0.12900082  1.48400748  1.90821347  2.87710466  2.86336043
  1.25359908  2.01816571]
[ 0.09287411  0.12823077  1.52212636  1.88032962  2.87100055  2.85862641
  1.24875376  2.01571803]
[ 0.09799669  0.12834117  1.50697215  1.87742353  2.87283739  2.8573171
  1.23462351  2.01710518]
[ 0.09306968  0.12462189  1.56983075  1.87587647  2.86299451  2.85527048
  1.24969284  2.01006324]
[ 0.09077075  0.1212774   1.64954935  1.9019825   2.85156737  2.85835441
  1.25823791  2.00547927]
[ 0.09178155  0.11447588  1.6832686   1.92059218  2.84540663  2.86104055
  1.2574133   1.99036973]
[ 0.09627467  0.11305223  1.63276023  1.94779451  2.85120925  2.86451926
  1.24253567  1.98905688]
[ 0.09627467  0.11305223  1.63276023  1.94779451  2.85120925  2.86451926
  1.24253567  1.98905688]
[ 0.09446513  0.10793859  1.64286484  1.92636045  2.84573262  2.85971
  1.24636911  1.97507933]
[ 0.09999465  0.10430811  1.64839136  1.86273738  2.84136922  2.84584309
  1.23002321  1.96414956]
[ 0.09542946  0.10316393  1.67368433  1.89475864  2.83700949  2.8482063
  1.24218893  1.96432114]
[ 0.09364535  0.10829198  1.70386974  1.90554073  2.83141346  2.84768718
  1.24667646  1.98339049]
[ 0.09259745  0.11567537  1.71816358  1.90008024  2.82748284  2.84436844
  1.24993939  2.00931667]
[ 0.0899268   0.11598579  1.57750671  1.85239072  2.84591083  2.83120199
  1.25508374  2.01155417]
[ 0.08268721  0.12521859  1.44163502  1.83963596  2.86262386  2.8236676
  1.28489261  2.03894395]
[ 0.07413044  0.1233113   1.36231709  1.81789184  2.86660851  2.81723981
  1.31709961  2.03620469]
[ 0.07244594  0.13023368  1.27541419  1.76648365  2.87378014  2.80335661
  1.3309441   2.05466263]
[ 0.07630285  0.13668108  1.2141882   1.77107139  2.88094496  2.80253133
  1.3252593   2.07344518]
[ 0.07705761  0.14144428  1.14755856  1.76331753  2.88740786  2.79871665
  1.33439545  2.08793243]
[ 0.0769224   0.1468666   1.0982156   1.77695624  2.88974141  2.80037563
  1.3427596   2.10406187]
[ 0.08062239  0.15112663  1.04093657  1.80548197  2.89613136  2.80771227
  1.34195635  2.11869272]
[ 0.08399991  0.14613413  1.01686998  1.79537902  2.90005528  2.80538503
  1.33558087  2.09939696]
[ 0.08399991  0.14613413  1.01686998  1.79537902  2.90005528  2.80538503
  1.33558087  2.09939696]
[ 0.09518961  0.13986938  0.94733483  1.77582542  2.91826185  2.80088329
  1.32184592  2.07782051]
[ 0.10491604  0.13887631  0.8848309   1.77212305  2.93521966  2.80141423
  1.31437808  2.07440491]
[ 0.11744609  0.14507586  0.8895828   1.7688401   2.94783864  2.80128621
  1.27384833  2.09350865]
[ 0.12717652  0.1472853   0.90217994  1.78800179  2.95567425  2.80616086
  1.23772171  2.10573575]
[ 0.13115723  0.14691934  0.90822028  1.81929103  2.95897431  2.81449992
  1.22194544  2.1092247 ]
[ 0.13732476  0.15243885  0.89109588  1.85561197  2.96729121  2.82391812
  1.21054107  2.1291565 ]
[ 0.14323875  0.15278734  0.8848358   1.84146986  2.97335439  2.82049699
  1.19366536  2.12987509]
[ 0.14986218  0.15976656  0.88564406  1.86476209  2.98079628  2.82833467
  1.16105857  2.15259868]
[ 0.15138997  0.16323342  0.87535575  1.90299122  2.98273154  2.83873611
  1.16224942  2.1651896 ]
[ 0.15579523  0.163052    0.88287842  1.8944772   2.9855715   2.83847853
  1.13874195  2.16539959]
[ 0.15847466  0.16675708  0.89292997  1.86794558  2.98544624  2.83291751
  1.12116052  2.17667719]
[ 0.16045947  0.15558359  0.89956133  1.83274444  2.98513384  2.82478585
  1.10352201  2.14060493]
[ 0.1570861   0.15596859  0.88873856  1.81224339  2.98308653  2.81786715
  1.12816285  2.13986135]
[ 0.15267287  0.1520484   0.88569913  1.81620262  2.97776028  2.81925122
  1.14966071  2.12893557]
[ 0.15267287  0.1520484   0.88569913  1.81620262  2.97776028  2.81925122
  1.14966071  2.12893557]
[ 0.15607833  0.14549604  0.88905074  1.8335123   2.97954405  2.8228483
  1.12552316  2.10653722]
[ 0.14200313  0.14683239  0.9120831   1.84910284  2.96080571  2.82738352
  1.17279055  2.11463523]
[ 0.13325828  0.15136914  0.89112247  1.87329166  2.95536456  2.83308574
  1.21924946  2.13080474]
[ 0.1261111   0.15285469  0.8891601   1.8924092   2.94721254  2.83857232
  1.24491553  2.13696641]
[ 0.13045968  0.15584587  0.84844966  1.8971793   2.95888456  2.84028879
  1.25729224  2.14951508]
[ 0.12423703  0.15602266  0.87898     1.91650117  2.9484139   2.84610016
  1.25945589  2.15045422]
[ 0.12950264  0.15920299  0.88794787  1.94311266  2.95342035  2.85268643
  1.2371362   2.16146434]
[ 0.13001988  0.14969815  0.91041144  1.89769805  2.9500396   2.84337054
  1.22386997  2.13585706]
[ 0.12606107  0.15359187  0.96631225  1.93938762  2.93514679  2.85285257
  1.21056244  2.14639926]
[ 0.12320063  0.15636775  0.98567443  1.95247804  2.92913087  2.85600027
  1.21059039  2.15388292]
[ 0.14377284  0.148373    1.01973684  1.9307903   2.94055245  2.85337543
  1.11737661  2.12934195]
[ 0.14064734  0.14596228  1.11433707  1.9257625   2.9193053   2.85308583
  1.0993854   2.12487559]
[ 0.13186878  0.15193364  1.10176253  1.88626852  2.91592358  2.84503695
  1.13861686  2.14878745]
[ 0.13186878  0.15193364  1.10176253  1.88626852  2.91592358  2.84503695
  1.13861686  2.14878745]
[ 0.13256038  0.14959954  1.13955634  1.82915231  2.90889886  2.83000515
  1.12627908  2.14237617]
[ 0.13895273  0.15183959  1.16437406  1.77348504  2.906336    2.81530055
  1.09517344  2.1502512 ]
[ 0.13952268  0.16160489  1.2129984   1.75617793  2.89509182  2.80780271
  1.08395896  2.18223004]
[ 0.1277565   0.17305955  1.23283405  1.78725628  2.88431091  2.8133838
  1.12281343  2.22051798]
[ 0.13706147  0.1782456   1.20143409  1.80585435  2.89732482  2.81716341
  1.09170018  2.24103098]
[ 0.13105705  0.18154158  1.17860047  1.85576837  2.89944362  2.83174565
  1.12236714  2.26100776]
[ 0.14506154  0.18175664  1.15605998  1.84187859  2.91367373  2.82583196
  1.07305843  2.2609703 ]
[ 0.14763516  0.18401647  1.15294626  1.86551632  2.91605416  2.83225458
  1.06263125  2.26875899]
[ 0.14623508  0.17900982  1.19292568  1.8750835   2.90853745  2.83540193
  1.0588977   2.25234074]
[ 0.14519325  0.17502916  1.21859642  1.89543314  2.9037231   2.84192748
  1.05705921  2.23858429]
[ 0.15154579  0.17827467  1.213634    1.89084128  2.90608534  2.84256572
  1.03801823  2.24898726]
[ 0.14344502  0.17430337  1.25456408  1.95913397  2.89035563  2.86395525
  1.07035246  2.23867293]
[ 0.13285082  0.1685848   1.24529832  1.98889868  2.88879547  2.86803889
  1.11191948  2.21055166]
[ 0.12002523  0.16683602  1.28350754  1.99453023  2.87742991  2.86911213
  1.15436555  2.20056331]
[ 0.12002523  0.16683602  1.28350754  1.99453023  2.87742991  2.86911213
  1.15436555  2.20056331]
[ 0.10724272  0.15930736  1.33557836  1.98057977  2.86397179  2.86276967
  1.19606519  2.17138764]
[ 0.09794176  0.15374638  1.45217321  1.91389459  2.84259524  2.84364336
  1.21965829  2.15004966]
[ 0.09188345  0.14647709  1.56143569  1.86481691  2.82633041  2.83249326
  1.23460942  2.12370684]
[ 0.09402829  0.14104134  1.64289293  1.82732215  2.81585959  2.82383144
  1.22875366  2.10332769]
[ 0.08949317  0.1373852   1.61710463  1.83362221  2.8216691   2.82675419
  1.2454446   2.09230486]
